0 604.9383 0.0000
2 0.0000 0.0000
209 7.5617 0.0000
210 15.1235 0.0000
211 22.6852 0.0000
212 30.2469 0.0000
213 37.8086 0.0000
214 45.3704 0.0000
215 52.9321 0.0000
216 60.4938 0.0000
217 68.0556 0.0000
218 75.6173 0.0000
219 83.1790 0.0000
220 90.7407 0.0000
221 98.3025 0.0000
222 105.8642 0.0000
223 113.4259 0.0000
224 120.9877 0.0000
225 128.5494 0.0000
226 136.1111 0.0000
227 143.6728 0.0000
228 151.2346 0.0000
229 158.7963 0.0000
230 166.3580 0.0000
231 173.9198 0.0000
232 181.4815 0.0000
233 189.0432 0.0000
234 196.6049 0.0000
235 204.1667 0.0000
236 211.7284 0.0000
237 219.2901 0.0000
238 226.8519 0.0000
239 234.4136 0.0000
240 241.9753 0.0000
241 249.5370 0.0000
242 257.0988 0.0000
243 264.6605 0.0000
244 272.2222 0.0000
245 279.7840 0.0000
246 287.3457 0.0000
247 294.9074 0.0000
248 302.4691 0.0000
249 310.0309 0.0000
250 317.5926 0.0000
251 325.1543 0.0000
252 332.7160 0.0000
253 340.2778 0.0000
254 347.8395 0.0000
255 355.4012 0.0000
256 362.9630 0.0000
257 370.5247 0.0000
258 378.0864 0.0000
259 385.6481 0.0000
260 393.2099 0.0000
261 400.7716 0.0000
262 408.3333 0.0000
263 415.8951 0.0000
264 423.4568 0.0000
265 431.0185 0.0000
266 438.5802 0.0000
267 446.1420 0.0000
268 453.7037 0.0000
269 461.2654 0.0000
270 468.8272 0.0000
271 476.3889 0.0000
272 483.9506 0.0000
273 491.5123 0.0000
274 499.0741 0.0000
275 506.6358 0.0000
276 514.1975 0.0000
277 521.7593 0.0000
278 529.3210 0.0000
279 536.8827 0.0000
280 544.4444 0.0000
281 552.0062 0.0000
282 559.5679 0.0000
283 567.1296 0.0000
284 574.6914 0.0000
285 582.2531 0.0000
286 589.8148 0.0000
287 597.3765 0.0000
