0 3 0 1 42 41
1 3 0 42 429 41
2 3 0 42 43 429
3 3 0 41 429 40
4 3 0 43 430 429
5 3 0 430 431 429
6 3 0 430 207 431
7 3 0 429 431 40
8 3 0 43 44 430
9 3 0 44 432 430
10 3 0 44 45 432
11 3 0 430 432 207
12 3 0 40 431 39
13 3 0 431 433 39
14 3 0 431 207 433
15 3 0 39 433 38
16 3 0 45 434 432
17 3 0 434 435 432
18 3 0 434 208 435
19 3 0 432 435 207
20 3 0 208 436 435
21 3 0 436 437 435
22 3 0 436 209 437
23 3 0 435 437 207
24 3 0 208 438 436
25 3 0 438 439 436
26 3 0 438 156 439
27 3 0 436 439 209
28 3 0 207 437 433
29 3 0 437 440 433
30 3 0 437 209 440
31 3 0 433 440 38
32 3 0 45 46 434
33 3 0 46 441 434
34 3 0 46 47 441
35 3 0 434 441 208
36 3 0 47 442 441
37 3 0 442 443 441
38 3 0 442 210 443
39 3 0 441 443 208
40 3 0 47 48 442
41 3 0 48 444 442
42 3 0 48 49 444
43 3 0 442 444 210
44 3 0 208 443 438
45 3 0 443 445 438
46 3 0 443 210 445
47 3 0 438 445 156
48 3 0 38 440 37
49 3 0 440 446 37
50 3 0 440 209 446
51 3 0 37 446 36
52 3 0 209 447 446
53 3 0 447 448 446
54 3 0 447 211 448
55 3 0 446 448 36
56 3 0 209 439 447
57 3 0 439 449 447
58 3 0 439 156 449
59 3 0 447 449 211
60 3 0 36 448 35
61 3 0 448 450 35
62 3 0 448 211 450
63 3 0 35 450 34
64 3 0 112 451 111
65 3 0 451 452 111
66 3 0 451 212 452
67 3 0 111 452 110
68 3 0 212 453 452
69 3 0 453 454 452
70 3 0 453 213 454
71 3 0 452 454 110
72 3 0 212 455 453
73 3 0 455 456 453
74 3 0 455 157 456
75 3 0 453 456 213
76 3 0 110 454 109
77 3 0 454 457 109
78 3 0 454 213 457
79 3 0 109 457 108
80 3 0 157 458 456
81 3 0 458 459 456
82 3 0 458 214 459
83 3 0 456 459 213
84 3 0 214 460 459
85 3 0 460 461 459
86 3 0 460 215 461
87 3 0 459 461 213
88 3 0 214 462 460
89 3 0 462 463 460
90 3 0 462 101 463
91 3 0 460 463 215
92 3 0 213 461 457
93 3 0 461 464 457
94 3 0 461 215 464
95 3 0 457 464 108
96 3 0 157 465 458
97 3 0 465 466 458
98 3 0 465 216 466
99 3 0 458 466 214
100 3 0 216 467 466
101 3 0 467 468 466
102 3 0 467 99 468
103 3 0 466 468 214
104 3 0 216 469 467
105 3 0 469 98 467
106 3 0 469 97 98
107 3 0 467 98 99
108 3 0 214 468 462
109 3 0 468 100 462
110 3 0 468 99 100
111 3 0 462 100 101
112 3 0 108 464 107
113 3 0 464 470 107
114 3 0 464 215 470
115 3 0 107 470 106
116 3 0 215 471 470
117 3 0 471 472 470
118 3 0 471 103 472
119 3 0 470 472 106
120 3 0 215 463 471
121 3 0 463 102 471
122 3 0 463 101 102
123 3 0 471 102 103
124 3 0 106 472 105
125 3 0 472 104 105
126 3 0 472 103 104
127 3 0 105 104 2
128 3 0 146 473 475
129 3 0 473 474 475
130 3 0 473 217 474
131 3 0 475 474 219
132 3 0 217 476 474
133 3 0 476 477 474
134 3 0 476 218 477
135 3 0 474 477 219
136 3 0 217 478 476
137 3 0 478 479 476
138 3 0 478 158 479
139 3 0 476 479 218
140 3 0 219 477 481
141 3 0 477 480 481
142 3 0 477 218 480
143 3 0 481 480 160
144 3 0 158 482 479
145 3 0 482 483 479
146 3 0 482 220 483
147 3 0 479 483 218
148 3 0 220 484 483
149 3 0 484 485 483
150 3 0 484 221 485
151 3 0 483 485 218
152 3 0 220 486 484
153 3 0 486 487 484
154 3 0 486 159 487
155 3 0 484 487 221
156 3 0 218 485 480
157 3 0 485 488 480
158 3 0 485 221 488
159 3 0 480 488 160
160 3 0 158 489 482
161 3 0 489 490 482
162 3 0 489 222 490
163 3 0 482 490 220
164 3 0 222 491 490
165 3 0 491 492 490
166 3 0 491 223 492
167 3 0 490 492 220
168 3 0 222 493 491
169 3 0 493 494 491
170 3 0 493 155 494
171 3 0 491 494 223
172 3 0 220 492 486
173 3 0 492 495 486
174 3 0 492 223 495
175 3 0 486 495 159
176 3 0 160 488 497
177 3 0 488 496 497
178 3 0 488 221 496
179 3 0 497 496 225
180 3 0 221 498 496
181 3 0 498 499 496
182 3 0 498 224 499
183 3 0 496 499 225
184 3 0 221 487 498
185 3 0 487 500 498
186 3 0 487 159 500
187 3 0 498 500 224
188 3 0 225 499 502
189 3 0 499 501 502
190 3 0 499 224 501
191 3 0 502 501 150
192 3 0 145 503 505
193 3 0 503 504 505
194 3 0 503 226 504
195 3 0 505 504 228
196 3 0 226 506 504
197 3 0 506 507 504
198 3 0 506 227 507
199 3 0 504 507 228
200 3 0 226 508 506
201 3 0 508 509 506
202 3 0 508 161 509
203 3 0 506 509 227
204 3 0 228 507 511
205 3 0 507 510 511
206 3 0 507 227 510
207 3 0 511 510 163
208 3 0 161 512 509
209 3 0 512 513 509
210 3 0 512 229 513
211 3 0 509 513 227
212 3 0 229 514 513
213 3 0 514 515 513
214 3 0 514 230 515
215 3 0 513 515 227
216 3 0 229 516 514
217 3 0 516 517 514
218 3 0 516 162 517
219 3 0 514 517 230
220 3 0 227 515 510
221 3 0 515 518 510
222 3 0 515 230 518
223 3 0 510 518 163
224 3 0 161 519 512
225 3 0 519 520 512
226 3 0 519 231 520
227 3 0 512 520 229
228 3 0 231 521 520
229 3 0 521 522 520
230 3 0 521 232 522
231 3 0 520 522 229
232 3 0 231 523 521
233 3 0 523 524 521
234 3 0 523 149 524
235 3 0 521 524 232
236 3 0 229 522 516
237 3 0 522 525 516
238 3 0 522 232 525
239 3 0 516 525 162
240 3 0 163 518 527
241 3 0 518 526 527
242 3 0 518 230 526
243 3 0 527 526 234
244 3 0 230 528 526
245 3 0 528 529 526
246 3 0 528 233 529
247 3 0 526 529 234
248 3 0 230 517 528
249 3 0 517 530 528
250 3 0 517 162 530
251 3 0 528 530 233
252 3 0 234 529 532
253 3 0 529 531 532
254 3 0 529 233 531
255 3 0 532 531 154
256 3 0 120 121 534
257 3 0 121 533 534
258 3 0 121 122 533
259 3 0 534 533 236
260 3 0 122 535 533
261 3 0 535 536 533
262 3 0 535 235 536
263 3 0 533 536 236
264 3 0 122 123 535
265 3 0 123 537 535
266 3 0 123 124 537
267 3 0 535 537 235
268 3 0 236 536 539
269 3 0 536 538 539
270 3 0 536 235 538
271 3 0 539 538 165
272 3 0 124 540 537
273 3 0 540 541 537
274 3 0 540 237 541
275 3 0 537 541 235
276 3 0 237 542 541
277 3 0 542 543 541
278 3 0 542 238 543
279 3 0 541 543 235
280 3 0 237 544 542
281 3 0 544 545 542
282 3 0 544 164 545
283 3 0 542 545 238
284 3 0 235 543 538
285 3 0 543 546 538
286 3 0 543 238 546
287 3 0 538 546 165
288 3 0 124 125 540
289 3 0 125 547 540
290 3 0 125 126 547
291 3 0 540 547 237
292 3 0 126 548 547
293 3 0 548 549 547
294 3 0 548 239 549
295 3 0 547 549 237
296 3 0 126 127 548
297 3 0 127 550 548
298 3 0 127 128 550
299 3 0 548 550 239
300 3 0 237 549 544
301 3 0 549 551 544
302 3 0 549 239 551
303 3 0 544 551 164
304 3 0 165 546 553
305 3 0 546 552 553
306 3 0 546 238 552
307 3 0 553 552 241
308 3 0 238 554 552
309 3 0 554 555 552
310 3 0 554 240 555
311 3 0 552 555 241
312 3 0 238 545 554
313 3 0 545 556 554
314 3 0 545 164 556
315 3 0 554 556 240
316 3 0 241 555 558
317 3 0 555 557 558
318 3 0 555 240 557
319 3 0 558 557 146
320 3 0 18 19 560
321 3 0 19 559 560
322 3 0 19 20 559
323 3 0 560 559 243
324 3 0 20 561 559
325 3 0 561 562 559
326 3 0 561 242 562
327 3 0 559 562 243
328 3 0 20 21 561
329 3 0 21 563 561
330 3 0 21 22 563
331 3 0 561 563 242
332 3 0 243 562 565
333 3 0 562 564 565
334 3 0 562 242 564
335 3 0 565 564 167
336 3 0 22 566 563
337 3 0 566 567 563
338 3 0 566 244 567
339 3 0 563 567 242
340 3 0 244 568 567
341 3 0 568 569 567
342 3 0 568 245 569
343 3 0 567 569 242
344 3 0 244 570 568
345 3 0 570 571 568
346 3 0 570 166 571
347 3 0 568 571 245
348 3 0 242 569 564
349 3 0 569 572 564
350 3 0 569 245 572
351 3 0 564 572 167
352 3 0 22 23 566
353 3 0 23 573 566
354 3 0 23 24 573
355 3 0 566 573 244
356 3 0 24 574 573
357 3 0 574 575 573
358 3 0 574 246 575
359 3 0 573 575 244
360 3 0 24 25 574
361 3 0 25 576 574
362 3 0 25 26 576
363 3 0 574 576 246
364 3 0 244 575 570
365 3 0 575 577 570
366 3 0 575 246 577
367 3 0 570 577 166
368 3 0 167 572 579
369 3 0 572 578 579
370 3 0 572 245 578
371 3 0 579 578 248
372 3 0 245 580 578
373 3 0 580 581 578
374 3 0 580 247 581
375 3 0 578 581 248
376 3 0 245 571 580
377 3 0 571 582 580
378 3 0 571 166 582
379 3 0 580 582 247
380 3 0 248 581 584
381 3 0 581 583 584
382 3 0 581 247 583
383 3 0 584 583 145
384 3 0 120 534 586
385 3 0 534 585 586
386 3 0 534 236 585
387 3 0 586 585 250
388 3 0 236 587 585
389 3 0 587 588 585
390 3 0 587 249 588
391 3 0 585 588 250
392 3 0 236 539 587
393 3 0 539 589 587
394 3 0 539 165 589
395 3 0 587 589 249
396 3 0 250 588 591
397 3 0 588 590 591
398 3 0 588 249 590
399 3 0 591 590 168
400 3 0 165 592 589
401 3 0 592 593 589
402 3 0 592 251 593
403 3 0 589 593 249
404 3 0 251 594 593
405 3 0 594 595 593
406 3 0 594 252 595
407 3 0 593 595 249
408 3 0 251 596 594
409 3 0 596 597 594
410 3 0 596 160 597
411 3 0 594 597 252
412 3 0 249 595 590
413 3 0 595 598 590
414 3 0 595 252 598
415 3 0 590 598 168
416 3 0 165 553 592
417 3 0 553 599 592
418 3 0 553 241 599
419 3 0 592 599 251
420 3 0 241 600 599
421 3 0 600 601 599
422 3 0 600 219 601
423 3 0 599 601 251
424 3 0 241 558 600
425 3 0 558 475 600
426 3 0 558 146 475
427 3 0 600 475 219
428 3 0 251 601 596
429 3 0 601 481 596
430 3 0 601 219 481
431 3 0 596 481 160
432 3 0 168 598 603
433 3 0 598 602 603
434 3 0 598 252 602
435 3 0 603 602 253
436 3 0 252 604 602
437 3 0 604 605 602
438 3 0 604 225 605
439 3 0 602 605 253
440 3 0 252 597 604
441 3 0 597 497 604
442 3 0 597 160 497
443 3 0 604 497 225
444 3 0 253 605 606
445 3 0 605 502 606
446 3 0 605 225 502
447 3 0 606 502 150
448 3 0 26 607 576
449 3 0 607 608 576
450 3 0 607 254 608
451 3 0 576 608 246
452 3 0 254 609 608
453 3 0 609 610 608
454 3 0 609 255 610
455 3 0 608 610 246
456 3 0 254 611 609
457 3 0 611 612 609
458 3 0 611 169 612
459 3 0 609 612 255
460 3 0 246 610 577
461 3 0 610 613 577
462 3 0 610 255 613
463 3 0 577 613 166
464 3 0 169 614 612
465 3 0 614 615 612
466 3 0 614 256 615
467 3 0 612 615 255
468 3 0 256 616 615
469 3 0 616 617 615
470 3 0 616 257 617
471 3 0 615 617 255
472 3 0 256 618 616
473 3 0 618 619 616
474 3 0 618 161 619
475 3 0 616 619 257
476 3 0 255 617 613
477 3 0 617 620 613
478 3 0 617 257 620
479 3 0 613 620 166
480 3 0 169 621 614
481 3 0 621 622 614
482 3 0 621 258 622
483 3 0 614 622 256
484 3 0 258 623 622
485 3 0 623 624 622
486 3 0 623 231 624
487 3 0 622 624 256
488 3 0 258 625 623
489 3 0 625 523 623
490 3 0 625 149 523
491 3 0 623 523 231
492 3 0 256 624 618
493 3 0 624 519 618
494 3 0 624 231 519
495 3 0 618 519 161
496 3 0 166 620 582
497 3 0 620 626 582
498 3 0 620 257 626
499 3 0 582 626 247
500 3 0 257 627 626
501 3 0 627 628 626
502 3 0 627 226 628
503 3 0 626 628 247
504 3 0 257 619 627
505 3 0 619 508 627
506 3 0 619 161 508
507 3 0 627 508 226
508 3 0 247 628 583
509 3 0 628 503 583
510 3 0 628 226 503
511 3 0 583 503 145
512 3 0 144 629 631
513 3 0 629 630 631
514 3 0 629 259 630
515 3 0 631 630 261
516 3 0 259 632 630
517 3 0 632 633 630
518 3 0 632 260 633
519 3 0 630 633 261
520 3 0 259 634 632
521 3 0 634 635 632
522 3 0 634 170 635
523 3 0 632 635 260
524 3 0 261 633 637
525 3 0 633 636 637
526 3 0 633 260 636
527 3 0 637 636 172
528 3 0 170 638 635
529 3 0 638 639 635
530 3 0 638 262 639
531 3 0 635 639 260
532 3 0 262 640 639
533 3 0 640 641 639
534 3 0 640 263 641
535 3 0 639 641 260
536 3 0 262 642 640
537 3 0 642 643 640
538 3 0 642 171 643
539 3 0 640 643 263
540 3 0 260 641 636
541 3 0 641 644 636
542 3 0 641 263 644
543 3 0 636 644 172
544 3 0 170 645 638
545 3 0 645 646 638
546 3 0 645 264 646
547 3 0 638 646 262
548 3 0 264 647 646
549 3 0 647 648 646
550 3 0 647 265 648
551 3 0 646 648 262
552 3 0 264 649 647
553 3 0 649 650 647
554 3 0 649 145 650
555 3 0 647 650 265
556 3 0 262 648 642
557 3 0 648 651 642
558 3 0 648 265 651
559 3 0 642 651 171
560 3 0 172 644 653
561 3 0 644 652 653
562 3 0 644 263 652
563 3 0 653 652 267
564 3 0 263 654 652
565 3 0 654 655 652
566 3 0 654 266 655
567 3 0 652 655 267
568 3 0 263 643 654
569 3 0 643 656 654
570 3 0 643 171 656
571 3 0 654 656 266
572 3 0 267 655 658
573 3 0 655 657 658
574 3 0 655 266 657
575 3 0 658 657 151
576 3 0 0 3 660
577 3 0 3 659 660
578 3 0 3 4 659
579 3 0 660 659 269
580 3 0 4 661 659
581 3 0 661 662 659
582 3 0 661 268 662
583 3 0 659 662 269
584 3 0 4 5 661
585 3 0 5 663 661
586 3 0 5 6 663
587 3 0 661 663 268
588 3 0 269 662 665
589 3 0 662 664 665
590 3 0 662 268 664
591 3 0 665 664 174
592 3 0 6 666 663
593 3 0 666 667 663
594 3 0 666 270 667
595 3 0 663 667 268
596 3 0 270 668 667
597 3 0 668 669 667
598 3 0 668 271 669
599 3 0 667 669 268
600 3 0 270 670 668
601 3 0 670 671 668
602 3 0 670 173 671
603 3 0 668 671 271
604 3 0 268 669 664
605 3 0 669 672 664
606 3 0 669 271 672
607 3 0 664 672 174
608 3 0 6 7 666
609 3 0 7 673 666
610 3 0 7 8 673
611 3 0 666 673 270
612 3 0 8 674 673
613 3 0 674 675 673
614 3 0 674 272 675
615 3 0 673 675 270
616 3 0 8 9 674
617 3 0 9 676 674
618 3 0 9 10 676
619 3 0 674 676 272
620 3 0 270 675 670
621 3 0 675 677 670
622 3 0 675 272 677
623 3 0 670 677 173
624 3 0 174 672 679
625 3 0 672 678 679
626 3 0 672 271 678
627 3 0 679 678 274
628 3 0 271 680 678
629 3 0 680 681 678
630 3 0 680 273 681
631 3 0 678 681 274
632 3 0 271 671 680
633 3 0 671 682 680
634 3 0 671 173 682
635 3 0 680 682 273
636 3 0 274 681 684
637 3 0 681 683 684
638 3 0 681 273 683
639 3 0 684 683 148
640 3 0 0 660 143
641 3 0 660 685 143
642 3 0 660 269 685
643 3 0 143 685 142
644 3 0 269 686 685
645 3 0 686 687 685
646 3 0 686 275 687
647 3 0 685 687 142
648 3 0 269 665 686
649 3 0 665 688 686
650 3 0 665 174 688
651 3 0 686 688 275
652 3 0 142 687 141
653 3 0 687 689 141
654 3 0 687 275 689
655 3 0 141 689 140
656 3 0 174 690 688
657 3 0 690 691 688
658 3 0 690 276 691
659 3 0 688 691 275
660 3 0 276 692 691
661 3 0 692 693 691
662 3 0 692 277 693
663 3 0 691 693 275
664 3 0 276 694 692
665 3 0 694 695 692
666 3 0 694 175 695
667 3 0 692 695 277
668 3 0 275 693 689
669 3 0 693 696 689
670 3 0 693 277 696
671 3 0 689 696 140
672 3 0 174 679 690
673 3 0 679 697 690
674 3 0 679 274 697
675 3 0 690 697 276
676 3 0 274 698 697
677 3 0 698 699 697
678 3 0 698 278 699
679 3 0 697 699 276
680 3 0 274 684 698
681 3 0 684 700 698
682 3 0 684 148 700
683 3 0 698 700 278
684 3 0 276 699 694
685 3 0 699 701 694
686 3 0 699 278 701
687 3 0 694 701 175
688 3 0 140 696 139
689 3 0 696 702 139
690 3 0 696 277 702
691 3 0 139 702 138
692 3 0 277 703 702
693 3 0 703 704 702
694 3 0 703 279 704
695 3 0 702 704 138
696 3 0 277 695 703
697 3 0 695 705 703
698 3 0 695 175 705
699 3 0 703 705 279
700 3 0 138 704 137
701 3 0 704 706 137
702 3 0 704 279 706
703 3 0 137 706 136
704 3 0 81 707 709
705 3 0 707 708 709
706 3 0 707 280 708
707 3 0 709 708 282
708 3 0 280 710 708
709 3 0 710 711 708
710 3 0 710 281 711
711 3 0 708 711 282
712 3 0 280 712 710
713 3 0 712 713 710
714 3 0 712 176 713
715 3 0 710 713 281
716 3 0 282 711 715
717 3 0 711 714 715
718 3 0 711 281 714
719 3 0 715 714 178
720 3 0 176 716 713
721 3 0 716 717 713
722 3 0 716 283 717
723 3 0 713 717 281
724 3 0 283 718 717
725 3 0 718 719 717
726 3 0 718 284 719
727 3 0 717 719 281
728 3 0 283 720 718
729 3 0 720 721 718
730 3 0 720 177 721
731 3 0 718 721 284
732 3 0 281 719 714
733 3 0 719 722 714
734 3 0 719 284 722
735 3 0 714 722 178
736 3 0 176 723 716
737 3 0 723 724 716
738 3 0 723 285 724
739 3 0 716 724 283
740 3 0 285 725 724
741 3 0 725 726 724
742 3 0 725 286 726
743 3 0 724 726 283
744 3 0 285 727 725
745 3 0 727 728 725
746 3 0 727 155 728
747 3 0 725 728 286
748 3 0 283 726 720
749 3 0 726 729 720
750 3 0 726 286 729
751 3 0 720 729 177
752 3 0 178 722 731
753 3 0 722 730 731
754 3 0 722 284 730
755 3 0 731 730 288
756 3 0 284 732 730
757 3 0 732 733 730
758 3 0 732 287 733
759 3 0 730 733 288
760 3 0 284 721 732
761 3 0 721 734 732
762 3 0 721 177 734
763 3 0 732 734 287
764 3 0 288 733 736
765 3 0 733 735 736
766 3 0 733 287 735
767 3 0 736 735 147
768 3 0 144 737 739
769 3 0 737 738 739
770 3 0 737 289 738
771 3 0 739 738 291
772 3 0 289 740 738
773 3 0 740 741 738
774 3 0 740 290 741
775 3 0 738 741 291
776 3 0 289 742 740
777 3 0 742 743 740
778 3 0 742 179 743
779 3 0 740 743 290
780 3 0 291 741 745
781 3 0 741 744 745
782 3 0 741 290 744
783 3 0 745 744 181
784 3 0 179 746 743
785 3 0 746 747 743
786 3 0 746 292 747
787 3 0 743 747 290
788 3 0 292 748 747
789 3 0 748 749 747
790 3 0 748 293 749
791 3 0 747 749 290
792 3 0 292 750 748
793 3 0 750 751 748
794 3 0 750 180 751
795 3 0 748 751 293
796 3 0 290 749 744
797 3 0 749 752 744
798 3 0 749 293 752
799 3 0 744 752 181
800 3 0 179 753 746
801 3 0 753 754 746
802 3 0 753 294 754
803 3 0 746 754 292
804 3 0 294 755 754
805 3 0 755 756 754
806 3 0 755 295 756
807 3 0 754 756 292
808 3 0 294 757 755
809 3 0 757 758 755
810 3 0 757 147 758
811 3 0 755 758 295
812 3 0 292 756 750
813 3 0 756 759 750
814 3 0 756 295 759
815 3 0 750 759 180
816 3 0 181 752 761
817 3 0 752 760 761
818 3 0 752 293 760
819 3 0 761 760 297
820 3 0 293 762 760
821 3 0 762 763 760
822 3 0 762 296 763
823 3 0 760 763 297
824 3 0 293 751 762
825 3 0 751 764 762
826 3 0 751 180 764
827 3 0 762 764 296
828 3 0 297 763 766
829 3 0 763 765 766
830 3 0 763 296 765
831 3 0 766 765 146
832 3 0 34 450 768
833 3 0 450 767 768
834 3 0 450 211 767
835 3 0 768 767 299
836 3 0 211 769 767
837 3 0 769 770 767
838 3 0 769 298 770
839 3 0 767 770 299
840 3 0 211 449 769
841 3 0 449 771 769
842 3 0 449 156 771
843 3 0 769 771 298
844 3 0 299 770 773
845 3 0 770 772 773
846 3 0 770 298 772
847 3 0 773 772 183
848 3 0 156 774 771
849 3 0 774 775 771
850 3 0 774 300 775
851 3 0 771 775 298
852 3 0 300 776 775
853 3 0 776 777 775
854 3 0 776 301 777
855 3 0 775 777 298
856 3 0 300 778 776
857 3 0 778 779 776
858 3 0 778 182 779
859 3 0 776 779 301
860 3 0 298 777 772
861 3 0 777 780 772
862 3 0 777 301 780
863 3 0 772 780 183
864 3 0 156 445 774
865 3 0 445 781 774
866 3 0 445 210 781
867 3 0 774 781 300
868 3 0 210 782 781
869 3 0 782 783 781
870 3 0 782 302 783
871 3 0 781 783 300
872 3 0 210 444 782
873 3 0 444 784 782
874 3 0 444 49 784
875 3 0 782 784 302
876 3 0 300 783 778
877 3 0 783 785 778
878 3 0 783 302 785
879 3 0 778 785 182
880 3 0 183 780 787
881 3 0 780 786 787
882 3 0 780 301 786
883 3 0 787 786 304
884 3 0 301 788 786
885 3 0 788 789 786
886 3 0 788 303 789
887 3 0 786 789 304
888 3 0 301 779 788
889 3 0 779 790 788
890 3 0 779 182 790
891 3 0 788 790 303
892 3 0 304 789 792
893 3 0 789 791 792
894 3 0 789 303 791
895 3 0 792 791 149
896 3 0 97 469 794
897 3 0 469 793 794
898 3 0 469 216 793
899 3 0 794 793 306
900 3 0 216 795 793
901 3 0 795 796 793
902 3 0 795 305 796
903 3 0 793 796 306
904 3 0 216 465 795
905 3 0 465 797 795
906 3 0 465 157 797
907 3 0 795 797 305
908 3 0 306 796 799
909 3 0 796 798 799
910 3 0 796 305 798
911 3 0 799 798 185
912 3 0 157 800 797
913 3 0 800 801 797
914 3 0 800 307 801
915 3 0 797 801 305
916 3 0 307 802 801
917 3 0 802 803 801
918 3 0 802 308 803
919 3 0 801 803 305
920 3 0 307 804 802
921 3 0 804 805 802
922 3 0 804 184 805
923 3 0 802 805 308
924 3 0 305 803 798
925 3 0 803 806 798
926 3 0 803 308 806
927 3 0 798 806 185
928 3 0 157 455 800
929 3 0 455 807 800
930 3 0 455 212 807
931 3 0 800 807 307
932 3 0 212 808 807
933 3 0 808 809 807
934 3 0 808 309 809
935 3 0 807 809 307
936 3 0 212 451 808
937 3 0 451 810 808
938 3 0 451 112 810
939 3 0 808 810 309
940 3 0 307 809 804
941 3 0 809 811 804
942 3 0 809 309 811
943 3 0 804 811 184
944 3 0 185 806 813
945 3 0 806 812 813
946 3 0 806 308 812
947 3 0 813 812 311
948 3 0 308 814 812
949 3 0 814 815 812
950 3 0 814 310 815
951 3 0 812 815 311
952 3 0 308 805 814
953 3 0 805 816 814
954 3 0 805 184 816
955 3 0 814 816 310
956 3 0 311 815 818
957 3 0 815 817 818
958 3 0 815 310 817
959 3 0 818 817 150
960 3 0 49 50 784
961 3 0 50 819 784
962 3 0 50 51 819
963 3 0 784 819 302
964 3 0 51 820 819
965 3 0 820 821 819
966 3 0 820 312 821
967 3 0 819 821 302
968 3 0 51 52 820
969 3 0 52 822 820
970 3 0 52 53 822
971 3 0 820 822 312
972 3 0 302 821 785
973 3 0 821 823 785
974 3 0 821 312 823
975 3 0 785 823 182
976 3 0 53 824 822
977 3 0 824 825 822
978 3 0 824 313 825
979 3 0 822 825 312
980 3 0 313 826 825
981 3 0 826 827 825
982 3 0 826 314 827
983 3 0 825 827 312
984 3 0 313 828 826
985 3 0 828 829 826
986 3 0 828 186 829
987 3 0 826 829 314
988 3 0 312 827 823
989 3 0 827 830 823
990 3 0 827 314 830
991 3 0 823 830 182
992 3 0 53 54 824
993 3 0 54 831 824
994 3 0 54 55 831
995 3 0 824 831 313
996 3 0 55 832 831
997 3 0 832 833 831
998 3 0 832 315 833
999 3 0 831 833 313
1000 3 0 55 56 832
1001 3 0 56 834 832
1002 3 0 56 57 834
1003 3 0 832 834 315
1004 3 0 313 833 828
1005 3 0 833 835 828
1006 3 0 833 315 835
1007 3 0 828 835 186
1008 3 0 182 830 790
1009 3 0 830 836 790
1010 3 0 830 314 836
1011 3 0 790 836 303
1012 3 0 314 837 836
1013 3 0 837 838 836
1014 3 0 837 316 838
1015 3 0 836 838 303
1016 3 0 314 829 837
1017 3 0 829 839 837
1018 3 0 829 186 839
1019 3 0 837 839 316
1020 3 0 303 838 791
1021 3 0 838 840 791
1022 3 0 838 316 840
1023 3 0 791 840 149
1024 3 0 89 90 842
1025 3 0 90 841 842
1026 3 0 90 91 841
1027 3 0 842 841 318
1028 3 0 91 843 841
1029 3 0 843 844 841
1030 3 0 843 317 844
1031 3 0 841 844 318
1032 3 0 91 92 843
1033 3 0 92 845 843
1034 3 0 92 93 845
1035 3 0 843 845 317
1036 3 0 318 844 847
1037 3 0 844 846 847
1038 3 0 844 317 846
1039 3 0 847 846 187
1040 3 0 93 848 845
1041 3 0 848 849 845
1042 3 0 848 319 849
1043 3 0 845 849 317
1044 3 0 319 850 849
1045 3 0 850 851 849
1046 3 0 850 320 851
1047 3 0 849 851 317
1048 3 0 319 852 850
1049 3 0 852 853 850
1050 3 0 852 185 853
1051 3 0 850 853 320
1052 3 0 317 851 846
1053 3 0 851 854 846
1054 3 0 851 320 854
1055 3 0 846 854 187
1056 3 0 93 94 848
1057 3 0 94 855 848
1058 3 0 94 95 855
1059 3 0 848 855 319
1060 3 0 95 856 855
1061 3 0 856 857 855
1062 3 0 856 306 857
1063 3 0 855 857 319
1064 3 0 95 96 856
1065 3 0 96 794 856
1066 3 0 96 97 794
1067 3 0 856 794 306
1068 3 0 319 857 852
1069 3 0 857 799 852
1070 3 0 857 306 799
1071 3 0 852 799 185
1072 3 0 187 854 859
1073 3 0 854 858 859
1074 3 0 854 320 858
1075 3 0 859 858 321
1076 3 0 320 860 858
1077 3 0 860 861 858
1078 3 0 860 311 861
1079 3 0 858 861 321
1080 3 0 320 853 860
1081 3 0 853 813 860
1082 3 0 853 185 813
1083 3 0 860 813 311
1084 3 0 321 861 862
1085 3 0 861 818 862
1086 3 0 861 311 818
1087 3 0 862 818 150
1088 3 0 144 863 629
1089 3 0 863 864 629
1090 3 0 863 322 864
1091 3 0 629 864 259
1092 3 0 322 865 864
1093 3 0 865 866 864
1094 3 0 865 323 866
1095 3 0 864 866 259
1096 3 0 322 867 865
1097 3 0 867 868 865
1098 3 0 867 188 868
1099 3 0 865 868 323
1100 3 0 259 866 634
1101 3 0 866 869 634
1102 3 0 866 323 869
1103 3 0 634 869 170
1104 3 0 188 870 868
1105 3 0 870 871 868
1106 3 0 870 324 871
1107 3 0 868 871 323
1108 3 0 324 872 871
1109 3 0 872 873 871
1110 3 0 872 325 873
1111 3 0 871 873 323
1112 3 0 324 874 872
1113 3 0 874 875 872
1114 3 0 874 189 875
1115 3 0 872 875 325
1116 3 0 323 873 869
1117 3 0 873 876 869
1118 3 0 873 325 876
1119 3 0 869 876 170
1120 3 0 188 877 870
1121 3 0 877 878 870
1122 3 0 877 326 878
1123 3 0 870 878 324
1124 3 0 326 879 878
1125 3 0 879 880 878
1126 3 0 879 327 880
1127 3 0 878 880 324
1128 3 0 326 881 879
1129 3 0 881 882 879
1130 3 0 881 153 882
1131 3 0 879 882 327
1132 3 0 324 880 874
1133 3 0 880 883 874
1134 3 0 880 327 883
1135 3 0 874 883 189
1136 3 0 170 876 645
1137 3 0 876 884 645
1138 3 0 876 325 884
1139 3 0 645 884 264
1140 3 0 325 885 884
1141 3 0 885 886 884
1142 3 0 885 328 886
1143 3 0 884 886 264
1144 3 0 325 875 885
1145 3 0 875 887 885
1146 3 0 875 189 887
1147 3 0 885 887 328
1148 3 0 264 886 649
1149 3 0 886 888 649
1150 3 0 886 328 888
1151 3 0 649 888 145
1152 3 0 144 739 890
1153 3 0 739 889 890
1154 3 0 739 291 889
1155 3 0 890 889 330
1156 3 0 291 891 889
1157 3 0 891 892 889
1158 3 0 891 329 892
1159 3 0 889 892 330
1160 3 0 291 745 891
1161 3 0 745 893 891
1162 3 0 745 181 893
1163 3 0 891 893 329
1164 3 0 330 892 895
1165 3 0 892 894 895
1166 3 0 892 329 894
1167 3 0 895 894 191
1168 3 0 181 896 893
1169 3 0 896 897 893
1170 3 0 896 331 897
1171 3 0 893 897 329
1172 3 0 331 898 897
1173 3 0 898 899 897
1174 3 0 898 332 899
1175 3 0 897 899 329
1176 3 0 331 900 898
1177 3 0 900 901 898
1178 3 0 900 190 901
1179 3 0 898 901 332
1180 3 0 329 899 894
1181 3 0 899 902 894
1182 3 0 899 332 902
1183 3 0 894 902 191
1184 3 0 181 761 896
1185 3 0 761 903 896
1186 3 0 761 297 903
1187 3 0 896 903 331
1188 3 0 297 904 903
1189 3 0 904 905 903
1190 3 0 904 333 905
1191 3 0 903 905 331
1192 3 0 297 766 904
1193 3 0 766 906 904
1194 3 0 766 146 906
1195 3 0 904 906 333
1196 3 0 331 905 900
1197 3 0 905 907 900
1198 3 0 905 333 907
1199 3 0 900 907 190
1200 3 0 191 902 909
1201 3 0 902 908 909
1202 3 0 902 332 908
1203 3 0 909 908 335
1204 3 0 332 910 908
1205 3 0 910 911 908
1206 3 0 910 334 911
1207 3 0 908 911 335
1208 3 0 332 901 910
1209 3 0 901 912 910
1210 3 0 901 190 912
1211 3 0 910 912 334
1212 3 0 335 911 914
1213 3 0 911 913 914
1214 3 0 911 334 913
1215 3 0 914 913 152
1216 3 0 146 765 473
1217 3 0 765 915 473
1218 3 0 765 296 915
1219 3 0 473 915 217
1220 3 0 296 916 915
1221 3 0 916 917 915
1222 3 0 916 336 917
1223 3 0 915 917 217
1224 3 0 296 764 916
1225 3 0 764 918 916
1226 3 0 764 180 918
1227 3 0 916 918 336
1228 3 0 217 917 478
1229 3 0 917 919 478
1230 3 0 917 336 919
1231 3 0 478 919 158
1232 3 0 180 920 918
1233 3 0 920 921 918
1234 3 0 920 337 921
1235 3 0 918 921 336
1236 3 0 337 922 921
1237 3 0 922 923 921
1238 3 0 922 338 923
1239 3 0 921 923 336
1240 3 0 337 924 922
1241 3 0 924 925 922
1242 3 0 924 177 925
1243 3 0 922 925 338
1244 3 0 336 923 919
1245 3 0 923 926 919
1246 3 0 923 338 926
1247 3 0 919 926 158
1248 3 0 180 759 920
1249 3 0 759 927 920
1250 3 0 759 295 927
1251 3 0 920 927 337
1252 3 0 295 928 927
1253 3 0 928 929 927
1254 3 0 928 287 929
1255 3 0 927 929 337
1256 3 0 295 758 928
1257 3 0 758 735 928
1258 3 0 758 147 735
1259 3 0 928 735 287
1260 3 0 337 929 924
1261 3 0 929 734 924
1262 3 0 929 287 734
1263 3 0 924 734 177
1264 3 0 158 926 489
1265 3 0 926 930 489
1266 3 0 926 338 930
1267 3 0 489 930 222
1268 3 0 338 931 930
1269 3 0 931 932 930
1270 3 0 931 286 932
1271 3 0 930 932 222
1272 3 0 338 925 931
1273 3 0 925 729 931
1274 3 0 925 177 729
1275 3 0 931 729 286
1276 3 0 222 932 493
1277 3 0 932 728 493
1278 3 0 932 286 728
1279 3 0 493 728 155
1280 3 0 73 74 934
1281 3 0 74 933 934
1282 3 0 74 75 933
1283 3 0 934 933 340
1284 3 0 75 935 933
1285 3 0 935 936 933
1286 3 0 935 339 936
1287 3 0 933 936 340
1288 3 0 75 76 935
1289 3 0 76 937 935
1290 3 0 76 77 937
1291 3 0 935 937 339
1292 3 0 340 936 939
1293 3 0 936 938 939
1294 3 0 936 339 938
1295 3 0 939 938 192
1296 3 0 77 940 937
1297 3 0 940 941 937
1298 3 0 940 341 941
1299 3 0 937 941 339
1300 3 0 341 942 941
1301 3 0 942 943 941
1302 3 0 942 342 943
1303 3 0 941 943 339
1304 3 0 341 944 942
1305 3 0 944 945 942
1306 3 0 944 178 945
1307 3 0 942 945 342
1308 3 0 339 943 938
1309 3 0 943 946 938
1310 3 0 943 342 946
1311 3 0 938 946 192
1312 3 0 77 78 940
1313 3 0 78 947 940
1314 3 0 78 79 947
1315 3 0 940 947 341
1316 3 0 79 948 947
1317 3 0 948 949 947
1318 3 0 948 282 949
1319 3 0 947 949 341
1320 3 0 79 80 948
1321 3 0 80 709 948
1322 3 0 80 81 709
1323 3 0 948 709 282
1324 3 0 341 949 944
1325 3 0 949 715 944
1326 3 0 949 282 715
1327 3 0 944 715 178
1328 3 0 192 946 951
1329 3 0 946 950 951
1330 3 0 946 342 950
1331 3 0 951 950 343
1332 3 0 342 952 950
1333 3 0 952 953 950
1334 3 0 952 288 953
1335 3 0 950 953 343
1336 3 0 342 945 952
1337 3 0 945 731 952
1338 3 0 945 178 731
1339 3 0 952 731 288
1340 3 0 343 953 954
1341 3 0 953 736 954
1342 3 0 953 288 736
1343 3 0 954 736 147
1344 3 0 26 27 607
1345 3 0 27 955 607
1346 3 0 27 28 955
1347 3 0 607 955 254
1348 3 0 28 956 955
1349 3 0 956 957 955
1350 3 0 956 344 957
1351 3 0 955 957 254
1352 3 0 28 29 956
1353 3 0 29 958 956
1354 3 0 29 30 958
1355 3 0 956 958 344
1356 3 0 254 957 611
1357 3 0 957 959 611
1358 3 0 957 344 959
1359 3 0 611 959 169
1360 3 0 30 960 958
1361 3 0 960 961 958
1362 3 0 960 345 961
1363 3 0 958 961 344
1364 3 0 345 962 961
1365 3 0 962 963 961
1366 3 0 962 346 963
1367 3 0 961 963 344
1368 3 0 345 964 962
1369 3 0 964 965 962
1370 3 0 964 183 965
1371 3 0 962 965 346
1372 3 0 344 963 959
1373 3 0 963 966 959
1374 3 0 963 346 966
1375 3 0 959 966 169
1376 3 0 30 31 960
1377 3 0 31 967 960
1378 3 0 31 32 967
1379 3 0 960 967 345
1380 3 0 32 968 967
1381 3 0 968 969 967
1382 3 0 968 299 969
1383 3 0 967 969 345
1384 3 0 32 33 968
1385 3 0 33 768 968
1386 3 0 33 34 768
1387 3 0 968 768 299
1388 3 0 345 969 964
1389 3 0 969 773 964
1390 3 0 969 299 773
1391 3 0 964 773 183
1392 3 0 169 966 621
1393 3 0 966 970 621
1394 3 0 966 346 970
1395 3 0 621 970 258
1396 3 0 346 971 970
1397 3 0 971 972 970
1398 3 0 971 304 972
1399 3 0 970 972 258
1400 3 0 346 965 971
1401 3 0 965 787 971
1402 3 0 965 183 787
1403 3 0 971 787 304
1404 3 0 258 972 625
1405 3 0 972 792 625
1406 3 0 972 304 792
1407 3 0 625 792 149
1408 3 0 112 113 810
1409 3 0 113 973 810
1410 3 0 113 114 973
1411 3 0 810 973 309
1412 3 0 114 974 973
1413 3 0 974 975 973
1414 3 0 974 347 975
1415 3 0 973 975 309
1416 3 0 114 115 974
1417 3 0 115 976 974
1418 3 0 115 116 976
1419 3 0 974 976 347
1420 3 0 309 975 811
1421 3 0 975 977 811
1422 3 0 975 347 977
1423 3 0 811 977 184
1424 3 0 116 978 976
1425 3 0 978 979 976
1426 3 0 978 348 979
1427 3 0 976 979 347
1428 3 0 348 980 979
1429 3 0 980 981 979
1430 3 0 980 349 981
1431 3 0 979 981 347
1432 3 0 348 982 980
1433 3 0 982 983 980
1434 3 0 982 168 983
1435 3 0 980 983 349
1436 3 0 347 981 977
1437 3 0 981 984 977
1438 3 0 981 349 984
1439 3 0 977 984 184
1440 3 0 116 117 978
1441 3 0 117 985 978
1442 3 0 117 118 985
1443 3 0 978 985 348
1444 3 0 118 986 985
1445 3 0 986 987 985
1446 3 0 986 250 987
1447 3 0 985 987 348
1448 3 0 118 119 986
1449 3 0 119 586 986
1450 3 0 119 120 586
1451 3 0 986 586 250
1452 3 0 348 987 982
1453 3 0 987 591 982
1454 3 0 987 250 591
1455 3 0 982 591 168
1456 3 0 184 984 816
1457 3 0 984 988 816
1458 3 0 984 349 988
1459 3 0 816 988 310
1460 3 0 349 989 988
1461 3 0 989 990 988
1462 3 0 989 253 990
1463 3 0 988 990 310
1464 3 0 349 983 989
1465 3 0 983 603 989
1466 3 0 983 168 603
1467 3 0 989 603 253
1468 3 0 310 990 817
1469 3 0 990 606 817
1470 3 0 990 253 606
1471 3 0 817 606 150
1472 3 0 18 560 992
1473 3 0 560 991 992
1474 3 0 560 243 991
1475 3 0 992 991 351
1476 3 0 243 993 991
1477 3 0 993 994 991
1478 3 0 993 350 994
1479 3 0 991 994 351
1480 3 0 243 565 993
1481 3 0 565 995 993
1482 3 0 565 167 995
1483 3 0 993 995 350
1484 3 0 351 994 997
1485 3 0 994 996 997
1486 3 0 994 350 996
1487 3 0 997 996 193
1488 3 0 167 998 995
1489 3 0 998 999 995
1490 3 0 998 352 999
1491 3 0 995 999 350
1492 3 0 352 1000 999
1493 3 0 1000 1001 999
1494 3 0 1000 353 1001
1495 3 0 999 1001 350
1496 3 0 352 1002 1000
1497 3 0 1002 1003 1000
1498 3 0 1002 189 1003
1499 3 0 1000 1003 353
1500 3 0 350 1001 996
1501 3 0 1001 1004 996
1502 3 0 1001 353 1004
1503 3 0 996 1004 193
1504 3 0 167 579 998
1505 3 0 579 1005 998
1506 3 0 579 248 1005
1507 3 0 998 1005 352
1508 3 0 248 1006 1005
1509 3 0 1006 1007 1005
1510 3 0 1006 328 1007
1511 3 0 1005 1007 352
1512 3 0 248 584 1006
1513 3 0 584 888 1006
1514 3 0 584 145 888
1515 3 0 1006 888 328
1516 3 0 352 1007 1002
1517 3 0 1007 887 1002
1518 3 0 1007 328 887
1519 3 0 1002 887 189
1520 3 0 193 1004 1009
1521 3 0 1004 1008 1009
1522 3 0 1004 353 1008
1523 3 0 1009 1008 354
1524 3 0 353 1010 1008
1525 3 0 1010 1011 1008
1526 3 0 1010 327 1011
1527 3 0 1008 1011 354
1528 3 0 353 1003 1010
1529 3 0 1003 883 1010
1530 3 0 1003 189 883
1531 3 0 1010 883 327
1532 3 0 354 1011 1012
1533 3 0 1011 882 1012
1534 3 0 1011 327 882
1535 3 0 1012 882 153
1536 3 0 128 1013 550
1537 3 0 1013 1014 550
1538 3 0 1013 355 1014
1539 3 0 550 1014 239
1540 3 0 355 1015 1014
1541 3 0 1015 1016 1014
1542 3 0 1015 356 1016
1543 3 0 1014 1016 239
1544 3 0 355 1017 1015
1545 3 0 1017 1018 1015
1546 3 0 1017 194 1018
1547 3 0 1015 1018 356
1548 3 0 239 1016 551
1549 3 0 1016 1019 551
1550 3 0 1016 356 1019
1551 3 0 551 1019 164
1552 3 0 194 1020 1018
1553 3 0 1020 1021 1018
1554 3 0 1020 357 1021
1555 3 0 1018 1021 356
1556 3 0 357 1022 1021
1557 3 0 1022 1023 1021
1558 3 0 1022 358 1023
1559 3 0 1021 1023 356
1560 3 0 357 1024 1022
1561 3 0 1024 1025 1022
1562 3 0 1024 190 1025
1563 3 0 1022 1025 358
1564 3 0 356 1023 1019
1565 3 0 1023 1026 1019
1566 3 0 1023 358 1026
1567 3 0 1019 1026 164
1568 3 0 194 1027 1020
1569 3 0 1027 1028 1020
1570 3 0 1027 359 1028
1571 3 0 1020 1028 357
1572 3 0 359 1029 1028
1573 3 0 1029 1030 1028
1574 3 0 1029 334 1030
1575 3 0 1028 1030 357
1576 3 0 359 1031 1029
1577 3 0 1031 913 1029
1578 3 0 1031 152 913
1579 3 0 1029 913 334
1580 3 0 357 1030 1024
1581 3 0 1030 912 1024
1582 3 0 1030 334 912
1583 3 0 1024 912 190
1584 3 0 164 1026 556
1585 3 0 1026 1032 556
1586 3 0 1026 358 1032
1587 3 0 556 1032 240
1588 3 0 358 1033 1032
1589 3 0 1033 1034 1032
1590 3 0 1033 333 1034
1591 3 0 1032 1034 240
1592 3 0 358 1025 1033
1593 3 0 1025 907 1033
1594 3 0 1025 190 907
1595 3 0 1033 907 333
1596 3 0 240 1034 557
1597 3 0 1034 906 557
1598 3 0 1034 333 906
1599 3 0 557 906 146
1600 3 0 10 11 1036
1601 3 0 11 1035 1036
1602 3 0 11 12 1035
1603 3 0 1036 1035 361
1604 3 0 12 1037 1035
1605 3 0 1037 1038 1035
1606 3 0 1037 360 1038
1607 3 0 1035 1038 361
1608 3 0 12 13 1037
1609 3 0 13 1039 1037
1610 3 0 13 14 1039
1611 3 0 1037 1039 360
1612 3 0 361 1038 1041
1613 3 0 1038 1040 1041
1614 3 0 1038 360 1040
1615 3 0 1041 1040 195
1616 3 0 14 1042 1039
1617 3 0 1042 1043 1039
1618 3 0 1042 362 1043
1619 3 0 1039 1043 360
1620 3 0 362 1044 1043
1621 3 0 1044 1045 1043
1622 3 0 1044 363 1045
1623 3 0 1043 1045 360
1624 3 0 362 1046 1044
1625 3 0 1046 1047 1044
1626 3 0 1046 193 1047
1627 3 0 1044 1047 363
1628 3 0 360 1045 1040
1629 3 0 1045 1048 1040
1630 3 0 1045 363 1048
1631 3 0 1040 1048 195
1632 3 0 14 15 1042
1633 3 0 15 1049 1042
1634 3 0 15 16 1049
1635 3 0 1042 1049 362
1636 3 0 16 1050 1049
1637 3 0 1050 1051 1049
1638 3 0 1050 351 1051
1639 3 0 1049 1051 362
1640 3 0 16 17 1050
1641 3 0 17 992 1050
1642 3 0 17 18 992
1643 3 0 1050 992 351
1644 3 0 362 1051 1046
1645 3 0 1051 997 1046
1646 3 0 1051 351 997
1647 3 0 1046 997 193
1648 3 0 195 1048 1053
1649 3 0 1048 1052 1053
1650 3 0 1048 363 1052
1651 3 0 1053 1052 364
1652 3 0 363 1054 1052
1653 3 0 1054 1055 1052
1654 3 0 1054 354 1055
1655 3 0 1052 1055 364
1656 3 0 363 1047 1054
1657 3 0 1047 1009 1054
1658 3 0 1047 193 1009
1659 3 0 1054 1009 354
1660 3 0 364 1055 1056
1661 3 0 1055 1012 1056
1662 3 0 1055 354 1012
1663 3 0 1056 1012 153
1664 3 0 128 129 1013
1665 3 0 129 1057 1013
1666 3 0 129 130 1057
1667 3 0 1013 1057 355
1668 3 0 130 1058 1057
1669 3 0 1058 1059 1057
1670 3 0 1058 365 1059
1671 3 0 1057 1059 355
1672 3 0 130 131 1058
1673 3 0 131 1060 1058
1674 3 0 131 132 1060
1675 3 0 1058 1060 365
1676 3 0 355 1059 1017
1677 3 0 1059 1061 1017
1678 3 0 1059 365 1061
1679 3 0 1017 1061 194
1680 3 0 132 1062 1060
1681 3 0 1062 1063 1060
1682 3 0 1062 366 1063
1683 3 0 1060 1063 365
1684 3 0 366 1064 1063
1685 3 0 1064 1065 1063
1686 3 0 1064 367 1065
1687 3 0 1063 1065 365
1688 3 0 366 1066 1064
1689 3 0 1066 1067 1064
1690 3 0 1066 196 1067
1691 3 0 1064 1067 367
1692 3 0 365 1065 1061
1693 3 0 1065 1068 1061
1694 3 0 1065 367 1068
1695 3 0 1061 1068 194
1696 3 0 132 133 1062
1697 3 0 133 1069 1062
1698 3 0 133 134 1069
1699 3 0 1062 1069 366
1700 3 0 134 1070 1069
1701 3 0 1070 1071 1069
1702 3 0 1070 368 1071
1703 3 0 1069 1071 366
1704 3 0 134 135 1070
1705 3 0 135 1072 1070
1706 3 0 135 136 1072
1707 3 0 1070 1072 368
1708 3 0 366 1071 1066
1709 3 0 1071 1073 1066
1710 3 0 1071 368 1073
1711 3 0 1066 1073 196
1712 3 0 194 1068 1027
1713 3 0 1068 1074 1027
1714 3 0 1068 367 1074
1715 3 0 1027 1074 359
1716 3 0 367 1075 1074
1717 3 0 1075 1076 1074
1718 3 0 1075 369 1076
1719 3 0 1074 1076 359
1720 3 0 367 1067 1075
1721 3 0 1067 1077 1075
1722 3 0 1067 196 1077
1723 3 0 1075 1077 369
1724 3 0 359 1076 1031
1725 3 0 1076 1078 1031
1726 3 0 1076 369 1078
1727 3 0 1031 1078 152
1728 3 0 10 1036 676
1729 3 0 1036 1079 676
1730 3 0 1036 361 1079
1731 3 0 676 1079 272
1732 3 0 361 1080 1079
1733 3 0 1080 1081 1079
1734 3 0 1080 370 1081
1735 3 0 1079 1081 272
1736 3 0 361 1041 1080
1737 3 0 1041 1082 1080
1738 3 0 1041 195 1082
1739 3 0 1080 1082 370
1740 3 0 272 1081 677
1741 3 0 1081 1083 677
1742 3 0 1081 370 1083
1743 3 0 677 1083 173
1744 3 0 195 1084 1082
1745 3 0 1084 1085 1082
1746 3 0 1084 371 1085
1747 3 0 1082 1085 370
1748 3 0 371 1086 1085
1749 3 0 1086 1087 1085
1750 3 0 1086 372 1087
1751 3 0 1085 1087 370
1752 3 0 371 1088 1086
1753 3 0 1088 1089 1086
1754 3 0 1088 197 1089
1755 3 0 1086 1089 372
1756 3 0 370 1087 1083
1757 3 0 1087 1090 1083
1758 3 0 1087 372 1090
1759 3 0 1083 1090 173
1760 3 0 195 1053 1084
1761 3 0 1053 1091 1084
1762 3 0 1053 364 1091
1763 3 0 1084 1091 371
1764 3 0 364 1092 1091
1765 3 0 1092 1093 1091
1766 3 0 1092 373 1093
1767 3 0 1091 1093 371
1768 3 0 364 1056 1092
1769 3 0 1056 1094 1092
1770 3 0 1056 153 1094
1771 3 0 1092 1094 373
1772 3 0 371 1093 1088
1773 3 0 1093 1095 1088
1774 3 0 1093 373 1095
1775 3 0 1088 1095 197
1776 3 0 173 1090 682
1777 3 0 1090 1096 682
1778 3 0 1090 372 1096
1779 3 0 682 1096 273
1780 3 0 372 1097 1096
1781 3 0 1097 1098 1096
1782 3 0 1097 374 1098
1783 3 0 1096 1098 273
1784 3 0 372 1089 1097
1785 3 0 1089 1099 1097
1786 3 0 1089 197 1099
1787 3 0 1097 1099 374
1788 3 0 273 1098 683
1789 3 0 1098 1100 683
1790 3 0 1098 374 1100
1791 3 0 683 1100 148
1792 3 0 136 706 1072
1793 3 0 706 1101 1072
1794 3 0 706 279 1101
1795 3 0 1072 1101 368
1796 3 0 279 1102 1101
1797 3 0 1102 1103 1101
1798 3 0 1102 375 1103
1799 3 0 1101 1103 368
1800 3 0 279 705 1102
1801 3 0 705 1104 1102
1802 3 0 705 175 1104
1803 3 0 1102 1104 375
1804 3 0 368 1103 1073
1805 3 0 1103 1105 1073
1806 3 0 1103 375 1105
1807 3 0 1073 1105 196
1808 3 0 175 1106 1104
1809 3 0 1106 1107 1104
1810 3 0 1106 376 1107
1811 3 0 1104 1107 375
1812 3 0 376 1108 1107
1813 3 0 1108 1109 1107
1814 3 0 1108 377 1109
1815 3 0 1107 1109 375
1816 3 0 376 1110 1108
1817 3 0 1110 1111 1108
1818 3 0 1110 198 1111
1819 3 0 1108 1111 377
1820 3 0 375 1109 1105
1821 3 0 1109 1112 1105
1822 3 0 1109 377 1112
1823 3 0 1105 1112 196
1824 3 0 175 701 1106
1825 3 0 701 1113 1106
1826 3 0 701 278 1113
1827 3 0 1106 1113 376
1828 3 0 278 1114 1113
1829 3 0 1114 1115 1113
1830 3 0 1114 378 1115
1831 3 0 1113 1115 376
1832 3 0 278 700 1114
1833 3 0 700 1116 1114
1834 3 0 700 148 1116
1835 3 0 1114 1116 378
1836 3 0 376 1115 1110
1837 3 0 1115 1117 1110
1838 3 0 1115 378 1117
1839 3 0 1110 1117 198
1840 3 0 196 1112 1077
1841 3 0 1112 1118 1077
1842 3 0 1112 377 1118
1843 3 0 1077 1118 369
1844 3 0 377 1119 1118
1845 3 0 1119 1120 1118
1846 3 0 1119 379 1120
1847 3 0 1118 1120 369
1848 3 0 377 1111 1119
1849 3 0 1111 1121 1119
1850 3 0 1111 198 1121
1851 3 0 1119 1121 379
1852 3 0 369 1120 1078
1853 3 0 1120 1122 1078
1854 3 0 1120 379 1122
1855 3 0 1078 1122 152
1856 3 0 144 631 737
1857 3 0 631 1123 737
1858 3 0 631 261 1123
1859 3 0 737 1123 289
1860 3 0 261 1124 1123
1861 3 0 1124 1125 1123
1862 3 0 1124 380 1125
1863 3 0 1123 1125 289
1864 3 0 261 637 1124
1865 3 0 637 1126 1124
1866 3 0 637 172 1126
1867 3 0 1124 1126 380
1868 3 0 289 1125 742
1869 3 0 1125 1127 742
1870 3 0 1125 380 1127
1871 3 0 742 1127 179
1872 3 0 172 1128 1126
1873 3 0 1128 1129 1126
1874 3 0 1128 381 1129
1875 3 0 1126 1129 380
1876 3 0 381 1130 1129
1877 3 0 1130 1131 1129
1878 3 0 1130 382 1131
1879 3 0 1129 1131 380
1880 3 0 381 1132 1130
1881 3 0 1132 1133 1130
1882 3 0 1132 199 1133
1883 3 0 1130 1133 382
1884 3 0 380 1131 1127
1885 3 0 1131 1134 1127
1886 3 0 1131 382 1134
1887 3 0 1127 1134 179
1888 3 0 172 653 1128
1889 3 0 653 1135 1128
1890 3 0 653 267 1135
1891 3 0 1128 1135 381
1892 3 0 267 1136 1135
1893 3 0 1136 1137 1135
1894 3 0 1136 383 1137
1895 3 0 1135 1137 381
1896 3 0 267 658 1136
1897 3 0 658 1138 1136
1898 3 0 658 151 1138
1899 3 0 1136 1138 383
1900 3 0 381 1137 1132
1901 3 0 1137 1139 1132
1902 3 0 1137 383 1139
1903 3 0 1132 1139 199
1904 3 0 179 1134 753
1905 3 0 1134 1140 753
1906 3 0 1134 382 1140
1907 3 0 753 1140 294
1908 3 0 382 1141 1140
1909 3 0 1141 1142 1140
1910 3 0 1141 384 1142
1911 3 0 1140 1142 294
1912 3 0 382 1133 1141
1913 3 0 1133 1143 1141
1914 3 0 1133 199 1143
1915 3 0 1141 1143 384
1916 3 0 294 1142 757
1917 3 0 1142 1144 757
1918 3 0 1142 384 1144
1919 3 0 757 1144 147
1920 3 0 65 66 1146
1921 3 0 66 1145 1146
1922 3 0 66 67 1145
1923 3 0 1146 1145 386
1924 3 0 67 1147 1145
1925 3 0 1147 1148 1145
1926 3 0 1147 385 1148
1927 3 0 1145 1148 386
1928 3 0 67 68 1147
1929 3 0 68 1149 1147
1930 3 0 68 69 1149
1931 3 0 1147 1149 385
1932 3 0 386 1148 1151
1933 3 0 1148 1150 1151
1934 3 0 1148 385 1150
1935 3 0 1151 1150 201
1936 3 0 69 1152 1149
1937 3 0 1152 1153 1149
1938 3 0 1152 387 1153
1939 3 0 1149 1153 385
1940 3 0 387 1154 1153
1941 3 0 1154 1155 1153
1942 3 0 1154 388 1155
1943 3 0 1153 1155 385
1944 3 0 387 1156 1154
1945 3 0 1156 1157 1154
1946 3 0 1156 200 1157
1947 3 0 1154 1157 388
1948 3 0 385 1155 1150
1949 3 0 1155 1158 1150
1950 3 0 1155 388 1158
1951 3 0 1150 1158 201
1952 3 0 69 70 1152
1953 3 0 70 1159 1152
1954 3 0 70 71 1159
1955 3 0 1152 1159 387
1956 3 0 71 1160 1159
1957 3 0 1160 1161 1159
1958 3 0 1160 389 1161
1959 3 0 1159 1161 387
1960 3 0 71 72 1160
1961 3 0 72 1162 1160
1962 3 0 72 73 1162
1963 3 0 1160 1162 389
1964 3 0 387 1161 1156
1965 3 0 1161 1163 1156
1966 3 0 1161 389 1163
1967 3 0 1156 1163 200
1968 3 0 201 1158 1165
1969 3 0 1158 1164 1165
1970 3 0 1158 388 1164
1971 3 0 1165 1164 391
1972 3 0 388 1166 1164
1973 3 0 1166 1167 1164
1974 3 0 1166 390 1167
1975 3 0 1164 1167 391
1976 3 0 388 1157 1166
1977 3 0 1157 1168 1166
1978 3 0 1157 200 1168
1979 3 0 1166 1168 390
1980 3 0 391 1167 1170
1981 3 0 1167 1169 1170
1982 3 0 1167 390 1169
1983 3 0 1170 1169 151
1984 3 0 144 1171 863
1985 3 0 1171 1172 863
1986 3 0 1171 392 1172
1987 3 0 863 1172 322
1988 3 0 392 1173 1172
1989 3 0 1173 1174 1172
1990 3 0 1173 393 1174
1991 3 0 1172 1174 322
1992 3 0 392 1175 1173
1993 3 0 1175 1176 1173
1994 3 0 1175 202 1176
1995 3 0 1173 1176 393
1996 3 0 322 1174 867
1997 3 0 1174 1177 867
1998 3 0 1174 393 1177
1999 3 0 867 1177 188
2000 3 0 202 1178 1176
2001 3 0 1178 1179 1176
2002 3 0 1178 394 1179
2003 3 0 1176 1179 393
2004 3 0 394 1180 1179
2005 3 0 1180 1181 1179
2006 3 0 1180 395 1181
2007 3 0 1179 1181 393
2008 3 0 394 1182 1180
2009 3 0 1182 1183 1180
2010 3 0 1182 197 1183
2011 3 0 1180 1183 395
2012 3 0 393 1181 1177
2013 3 0 1181 1184 1177
2014 3 0 1181 395 1184
2015 3 0 1177 1184 188
2016 3 0 202 1185 1178
2017 3 0 1185 1186 1178
2018 3 0 1185 396 1186
2019 3 0 1178 1186 394
2020 3 0 396 1187 1186
2021 3 0 1187 1188 1186
2022 3 0 1187 374 1188
2023 3 0 1186 1188 394
2024 3 0 396 1189 1187
2025 3 0 1189 1100 1187
2026 3 0 1189 148 1100
2027 3 0 1187 1100 374
2028 3 0 394 1188 1182
2029 3 0 1188 1099 1182
2030 3 0 1188 374 1099
2031 3 0 1182 1099 197
2032 3 0 188 1184 877
2033 3 0 1184 1190 877
2034 3 0 1184 395 1190
2035 3 0 877 1190 326
2036 3 0 395 1191 1190
2037 3 0 1191 1192 1190
2038 3 0 1191 373 1192
2039 3 0 1190 1192 326
2040 3 0 395 1183 1191
2041 3 0 1183 1095 1191
2042 3 0 1183 197 1095
2043 3 0 1191 1095 373
2044 3 0 326 1192 881
2045 3 0 1192 1094 881
2046 3 0 1192 373 1094
2047 3 0 881 1094 153
2048 3 0 144 890 1171
2049 3 0 890 1193 1171
2050 3 0 890 330 1193
2051 3 0 1171 1193 392
2052 3 0 330 1194 1193
2053 3 0 1194 1195 1193
2054 3 0 1194 397 1195
2055 3 0 1193 1195 392
2056 3 0 330 895 1194
2057 3 0 895 1196 1194
2058 3 0 895 191 1196
2059 3 0 1194 1196 397
2060 3 0 392 1195 1175
2061 3 0 1195 1197 1175
2062 3 0 1195 397 1197
2063 3 0 1175 1197 202
2064 3 0 191 1198 1196
2065 3 0 1198 1199 1196
2066 3 0 1198 398 1199
2067 3 0 1196 1199 397
2068 3 0 398 1200 1199
2069 3 0 1200 1201 1199
2070 3 0 1200 399 1201
2071 3 0 1199 1201 397
2072 3 0 398 1202 1200
2073 3 0 1202 1203 1200
2074 3 0 1202 198 1203
2075 3 0 1200 1203 399
2076 3 0 397 1201 1197
2077 3 0 1201 1204 1197
2078 3 0 1201 399 1204
2079 3 0 1197 1204 202
2080 3 0 191 909 1198
2081 3 0 909 1205 1198
2082 3 0 909 335 1205
2083 3 0 1198 1205 398
2084 3 0 335 1206 1205
2085 3 0 1206 1207 1205
2086 3 0 1206 379 1207
2087 3 0 1205 1207 398
2088 3 0 335 914 1206
2089 3 0 914 1122 1206
2090 3 0 914 152 1122
2091 3 0 1206 1122 379
2092 3 0 398 1207 1202
2093 3 0 1207 1121 1202
2094 3 0 1207 379 1121
2095 3 0 1202 1121 198
2096 3 0 202 1204 1185
2097 3 0 1204 1208 1185
2098 3 0 1204 399 1208
2099 3 0 1185 1208 396
2100 3 0 399 1209 1208
2101 3 0 1209 1210 1208
2102 3 0 1209 378 1210
2103 3 0 1208 1210 396
2104 3 0 399 1203 1209
2105 3 0 1203 1117 1209
2106 3 0 1203 198 1117
2107 3 0 1209 1117 378
2108 3 0 396 1210 1189
2109 3 0 1210 1116 1189
2110 3 0 1210 378 1116
2111 3 0 1189 1116 148
2112 3 0 65 1146 1212
2113 3 0 1146 1211 1212
2114 3 0 1146 386 1211
2115 3 0 1212 1211 401
2116 3 0 386 1213 1211
2117 3 0 1213 1214 1211
2118 3 0 1213 400 1214
2119 3 0 1211 1214 401
2120 3 0 386 1151 1213
2121 3 0 1151 1215 1213
2122 3 0 1151 201 1215
2123 3 0 1213 1215 400
2124 3 0 401 1214 1217
2125 3 0 1214 1216 1217
2126 3 0 1214 400 1216
2127 3 0 1217 1216 204
2128 3 0 201 1218 1215
2129 3 0 1218 1219 1215
2130 3 0 1218 402 1219
2131 3 0 1215 1219 400
2132 3 0 402 1220 1219
2133 3 0 1220 1221 1219
2134 3 0 1220 403 1221
2135 3 0 1219 1221 400
2136 3 0 402 1222 1220
2137 3 0 1222 1223 1220
2138 3 0 1222 203 1223
2139 3 0 1220 1223 403
2140 3 0 400 1221 1216
2141 3 0 1221 1224 1216
2142 3 0 1221 403 1224
2143 3 0 1216 1224 204
2144 3 0 201 1165 1218
2145 3 0 1165 1225 1218
2146 3 0 1165 391 1225
2147 3 0 1218 1225 402
2148 3 0 391 1226 1225
2149 3 0 1226 1227 1225
2150 3 0 1226 404 1227
2151 3 0 1225 1227 402
2152 3 0 391 1170 1226
2153 3 0 1170 1228 1226
2154 3 0 1170 151 1228
2155 3 0 1226 1228 404
2156 3 0 402 1227 1222
2157 3 0 1227 1229 1222
2158 3 0 1227 404 1229
2159 3 0 1222 1229 203
2160 3 0 204 1224 1231
2161 3 0 1224 1230 1231
2162 3 0 1224 403 1230
2163 3 0 1231 1230 406
2164 3 0 403 1232 1230
2165 3 0 1232 1233 1230
2166 3 0 1232 405 1233
2167 3 0 1230 1233 406
2168 3 0 403 1223 1232
2169 3 0 1223 1234 1232
2170 3 0 1223 203 1234
2171 3 0 1232 1234 405
2172 3 0 406 1233 1236
2173 3 0 1233 1235 1236
2174 3 0 1233 405 1235
2175 3 0 1236 1235 154
2176 3 0 57 58 1238
2177 3 0 58 1237 1238
2178 3 0 58 59 1237
2179 3 0 1238 1237 408
2180 3 0 59 1239 1237
2181 3 0 1239 1240 1237
2182 3 0 1239 407 1240
2183 3 0 1237 1240 408
2184 3 0 59 60 1239
2185 3 0 60 1241 1239
2186 3 0 60 61 1241
2187 3 0 1239 1241 407
2188 3 0 408 1240 1243
2189 3 0 1240 1242 1243
2190 3 0 1240 407 1242
2191 3 0 1243 1242 205
2192 3 0 61 1244 1241
2193 3 0 1244 1245 1241
2194 3 0 1244 409 1245
2195 3 0 1241 1245 407
2196 3 0 409 1246 1245
2197 3 0 1246 1247 1245
2198 3 0 1246 410 1247
2199 3 0 1245 1247 407
2200 3 0 409 1248 1246
2201 3 0 1248 1249 1246
2202 3 0 1248 204 1249
2203 3 0 1246 1249 410
2204 3 0 407 1247 1242
2205 3 0 1247 1250 1242
2206 3 0 1247 410 1250
2207 3 0 1242 1250 205
2208 3 0 61 62 1244
2209 3 0 62 1251 1244
2210 3 0 62 63 1251
2211 3 0 1244 1251 409
2212 3 0 63 1252 1251
2213 3 0 1252 1253 1251
2214 3 0 1252 401 1253
2215 3 0 1251 1253 409
2216 3 0 63 64 1252
2217 3 0 64 1212 1252
2218 3 0 64 65 1212
2219 3 0 1252 1212 401
2220 3 0 409 1253 1248
2221 3 0 1253 1217 1248
2222 3 0 1253 401 1217
2223 3 0 1248 1217 204
2224 3 0 205 1250 1255
2225 3 0 1250 1254 1255
2226 3 0 1250 410 1254
2227 3 0 1255 1254 411
2228 3 0 410 1256 1254
2229 3 0 1256 1257 1254
2230 3 0 1256 406 1257
2231 3 0 1254 1257 411
2232 3 0 410 1249 1256
2233 3 0 1249 1231 1256
2234 3 0 1249 204 1231
2235 3 0 1256 1231 406
2236 3 0 411 1257 1258
2237 3 0 1257 1236 1258
2238 3 0 1257 406 1236
2239 3 0 1258 1236 154
2240 3 0 81 82 707
2241 3 0 82 1259 707
2242 3 0 82 83 1259
2243 3 0 707 1259 280
2244 3 0 83 1260 1259
2245 3 0 1260 1261 1259
2246 3 0 1260 412 1261
2247 3 0 1259 1261 280
2248 3 0 83 84 1260
2249 3 0 84 1262 1260
2250 3 0 84 85 1262
2251 3 0 1260 1262 412
2252 3 0 280 1261 712
2253 3 0 1261 1263 712
2254 3 0 1261 412 1263
2255 3 0 712 1263 176
2256 3 0 85 1264 1262
2257 3 0 1264 1265 1262
2258 3 0 1264 413 1265
2259 3 0 1262 1265 412
2260 3 0 413 1266 1265
2261 3 0 1266 1267 1265
2262 3 0 1266 414 1267
2263 3 0 1265 1267 412
2264 3 0 413 1268 1266
2265 3 0 1268 1269 1266
2266 3 0 1268 206 1269
2267 3 0 1266 1269 414
2268 3 0 412 1267 1263
2269 3 0 1267 1270 1263
2270 3 0 1267 414 1270
2271 3 0 1263 1270 176
2272 3 0 85 86 1264
2273 3 0 86 1271 1264
2274 3 0 86 87 1271
2275 3 0 1264 1271 413
2276 3 0 87 1272 1271
2277 3 0 1272 1273 1271
2278 3 0 1272 415 1273
2279 3 0 1271 1273 413
2280 3 0 87 88 1272
2281 3 0 88 1274 1272
2282 3 0 88 89 1274
2283 3 0 1272 1274 415
2284 3 0 413 1273 1268
2285 3 0 1273 1275 1268
2286 3 0 1273 415 1275
2287 3 0 1268 1275 206
2288 3 0 176 1270 723
2289 3 0 1270 1276 723
2290 3 0 1270 414 1276
2291 3 0 723 1276 285
2292 3 0 414 1277 1276
2293 3 0 1277 1278 1276
2294 3 0 1277 416 1278
2295 3 0 1276 1278 285
2296 3 0 414 1269 1277
2297 3 0 1269 1279 1277
2298 3 0 1269 206 1279
2299 3 0 1277 1279 416
2300 3 0 285 1278 727
2301 3 0 1278 1280 727
2302 3 0 1278 416 1280
2303 3 0 727 1280 155
2304 3 0 145 505 650
2305 3 0 505 1281 650
2306 3 0 505 228 1281
2307 3 0 650 1281 265
2308 3 0 228 1282 1281
2309 3 0 1282 1283 1281
2310 3 0 1282 417 1283
2311 3 0 1281 1283 265
2312 3 0 228 511 1282
2313 3 0 511 1284 1282
2314 3 0 511 163 1284
2315 3 0 1282 1284 417
2316 3 0 265 1283 651
2317 3 0 1283 1285 651
2318 3 0 1283 417 1285
2319 3 0 651 1285 171
2320 3 0 163 1286 1284
2321 3 0 1286 1287 1284
2322 3 0 1286 418 1287
2323 3 0 1284 1287 417
2324 3 0 418 1288 1287
2325 3 0 1288 1289 1287
2326 3 0 1288 419 1289
2327 3 0 1287 1289 417
2328 3 0 418 1290 1288
2329 3 0 1290 1291 1288
2330 3 0 1290 203 1291
2331 3 0 1288 1291 419
2332 3 0 417 1289 1285
2333 3 0 1289 1292 1285
2334 3 0 1289 419 1292
2335 3 0 1285 1292 171
2336 3 0 163 527 1286
2337 3 0 527 1293 1286
2338 3 0 527 234 1293
2339 3 0 1286 1293 418
2340 3 0 234 1294 1293
2341 3 0 1294 1295 1293
2342 3 0 1294 405 1295
2343 3 0 1293 1295 418
2344 3 0 234 532 1294
2345 3 0 532 1235 1294
2346 3 0 532 154 1235
2347 3 0 1294 1235 405
2348 3 0 418 1295 1290
2349 3 0 1295 1234 1290
2350 3 0 1295 405 1234
2351 3 0 1290 1234 203
2352 3 0 171 1292 656
2353 3 0 1292 1296 656
2354 3 0 1292 419 1296
2355 3 0 656 1296 266
2356 3 0 419 1297 1296
2357 3 0 1297 1298 1296
2358 3 0 1297 404 1298
2359 3 0 1296 1298 266
2360 3 0 419 1291 1297
2361 3 0 1291 1229 1297
2362 3 0 1291 203 1229
2363 3 0 1297 1229 404
2364 3 0 266 1298 657
2365 3 0 1298 1228 657
2366 3 0 1298 404 1228
2367 3 0 657 1228 151
2368 3 0 73 934 1162
2369 3 0 934 1299 1162
2370 3 0 934 340 1299
2371 3 0 1162 1299 389
2372 3 0 340 1300 1299
2373 3 0 1300 1301 1299
2374 3 0 1300 420 1301
2375 3 0 1299 1301 389
2376 3 0 340 939 1300
2377 3 0 939 1302 1300
2378 3 0 939 192 1302
2379 3 0 1300 1302 420
2380 3 0 389 1301 1163
2381 3 0 1301 1303 1163
2382 3 0 1301 420 1303
2383 3 0 1163 1303 200
2384 3 0 192 1304 1302
2385 3 0 1304 1305 1302
2386 3 0 1304 421 1305
2387 3 0 1302 1305 420
2388 3 0 421 1306 1305
2389 3 0 1306 1307 1305
2390 3 0 1306 422 1307
2391 3 0 1305 1307 420
2392 3 0 421 1308 1306
2393 3 0 1308 1309 1306
2394 3 0 1308 199 1309
2395 3 0 1306 1309 422
2396 3 0 420 1307 1303
2397 3 0 1307 1310 1303
2398 3 0 1307 422 1310
2399 3 0 1303 1310 200
2400 3 0 192 951 1304
2401 3 0 951 1311 1304
2402 3 0 951 343 1311
2403 3 0 1304 1311 421
2404 3 0 343 1312 1311
2405 3 0 1312 1313 1311
2406 3 0 1312 384 1313
2407 3 0 1311 1313 421
2408 3 0 343 954 1312
2409 3 0 954 1144 1312
2410 3 0 954 147 1144
2411 3 0 1312 1144 384
2412 3 0 421 1313 1308
2413 3 0 1313 1143 1308
2414 3 0 1313 384 1143
2415 3 0 1308 1143 199
2416 3 0 200 1310 1168
2417 3 0 1310 1314 1168
2418 3 0 1310 422 1314
2419 3 0 1168 1314 390
2420 3 0 422 1315 1314
2421 3 0 1315 1316 1314
2422 3 0 1315 383 1316
2423 3 0 1314 1316 390
2424 3 0 422 1309 1315
2425 3 0 1309 1139 1315
2426 3 0 1309 199 1139
2427 3 0 1315 1139 383
2428 3 0 390 1316 1169
2429 3 0 1316 1138 1169
2430 3 0 1316 383 1138
2431 3 0 1169 1138 151
2432 3 0 89 842 1274
2433 3 0 842 1317 1274
2434 3 0 842 318 1317
2435 3 0 1274 1317 415
2436 3 0 318 1318 1317
2437 3 0 1318 1319 1317
2438 3 0 1318 423 1319
2439 3 0 1317 1319 415
2440 3 0 318 847 1318
2441 3 0 847 1320 1318
2442 3 0 847 187 1320
2443 3 0 1318 1320 423
2444 3 0 415 1319 1275
2445 3 0 1319 1321 1275
2446 3 0 1319 423 1321
2447 3 0 1275 1321 206
2448 3 0 187 1322 1320
2449 3 0 1322 1323 1320
2450 3 0 1322 424 1323
2451 3 0 1320 1323 423
2452 3 0 424 1324 1323
2453 3 0 1324 1325 1323
2454 3 0 1324 425 1325
2455 3 0 1323 1325 423
2456 3 0 424 1326 1324
2457 3 0 1326 1327 1324
2458 3 0 1326 159 1327
2459 3 0 1324 1327 425
2460 3 0 423 1325 1321
2461 3 0 1325 1328 1321
2462 3 0 1325 425 1328
2463 3 0 1321 1328 206
2464 3 0 187 859 1322
2465 3 0 859 1329 1322
2466 3 0 859 321 1329
2467 3 0 1322 1329 424
2468 3 0 321 1330 1329
2469 3 0 1330 1331 1329
2470 3 0 1330 224 1331
2471 3 0 1329 1331 424
2472 3 0 321 862 1330
2473 3 0 862 501 1330
2474 3 0 862 150 501
2475 3 0 1330 501 224
2476 3 0 424 1331 1326
2477 3 0 1331 500 1326
2478 3 0 1331 224 500
2479 3 0 1326 500 159
2480 3 0 206 1328 1279
2481 3 0 1328 1332 1279
2482 3 0 1328 425 1332
2483 3 0 1279 1332 416
2484 3 0 425 1333 1332
2485 3 0 1333 1334 1332
2486 3 0 1333 223 1334
2487 3 0 1332 1334 416
2488 3 0 425 1327 1333
2489 3 0 1327 495 1333
2490 3 0 1327 159 495
2491 3 0 1333 495 223
2492 3 0 416 1334 1280
2493 3 0 1334 494 1280
2494 3 0 1334 223 494
2495 3 0 1280 494 155
2496 3 0 57 1238 834
2497 3 0 1238 1335 834
2498 3 0 1238 408 1335
2499 3 0 834 1335 315
2500 3 0 408 1336 1335
2501 3 0 1336 1337 1335
2502 3 0 1336 426 1337
2503 3 0 1335 1337 315
2504 3 0 408 1243 1336
2505 3 0 1243 1338 1336
2506 3 0 1243 205 1338
2507 3 0 1336 1338 426
2508 3 0 315 1337 835
2509 3 0 1337 1339 835
2510 3 0 1337 426 1339
2511 3 0 835 1339 186
2512 3 0 205 1340 1338
2513 3 0 1340 1341 1338
2514 3 0 1340 427 1341
2515 3 0 1338 1341 426
2516 3 0 427 1342 1341
2517 3 0 1342 1343 1341
2518 3 0 1342 428 1343
2519 3 0 1341 1343 426
2520 3 0 427 1344 1342
2521 3 0 1344 1345 1342
2522 3 0 1344 162 1345
2523 3 0 1342 1345 428
2524 3 0 426 1343 1339
2525 3 0 1343 1346 1339
2526 3 0 1343 428 1346
2527 3 0 1339 1346 186
2528 3 0 205 1255 1340
2529 3 0 1255 1347 1340
2530 3 0 1255 411 1347
2531 3 0 1340 1347 427
2532 3 0 411 1348 1347
2533 3 0 1348 1349 1347
2534 3 0 1348 233 1349
2535 3 0 1347 1349 427
2536 3 0 411 1258 1348
2537 3 0 1258 531 1348
2538 3 0 1258 154 531
2539 3 0 1348 531 233
2540 3 0 427 1349 1344
2541 3 0 1349 530 1344
2542 3 0 1349 233 530
2543 3 0 1344 530 162
2544 3 0 186 1346 839
2545 3 0 1346 1350 839
2546 3 0 1346 428 1350
2547 3 0 839 1350 316
2548 3 0 428 1351 1350
2549 3 0 1351 1352 1350
2550 3 0 1351 232 1352
2551 3 0 1350 1352 316
2552 3 0 428 1345 1351
2553 3 0 1345 525 1351
2554 3 0 1345 162 525
2555 3 0 1351 525 232
2556 3 0 316 1352 840
2557 3 0 1352 524 840
2558 3 0 1352 232 524
2559 3 0 840 524 149
