0 0.0000 0.0000 0 0
1 100.0000 0.0000 0 0
2 0.0000 100.0000 0 0
3 2.5000 0.0000 0 0
4 5.0000 0.0000 0 0
5 7.5000 0.0000 0 0
6 10.0000 0.0000 0 0
7 12.5000 0.0000 0 0
8 15.0000 0.0000 0 0
9 17.5000 0.0000 0 0
10 20.0000 0.0000 0 0
11 22.5000 0.0000 0 0
12 25.0000 0.0000 0 0
13 27.5000 0.0000 0 0
14 30.0000 0.0000 0 0
15 32.5000 0.0000 0 0
16 35.0000 0.0000 0 0
17 37.5000 0.0000 0 0
18 40.0000 0.0000 0 0
19 42.5000 0.0000 0 0
20 45.0000 0.0000 0 0
21 47.5000 0.0000 0 0
22 50.0000 0.0000 0 0
23 52.5000 0.0000 0 0
24 55.0000 0.0000 0 0
25 57.5000 0.0000 0 0
26 60.0000 0.0000 0 0
27 62.5000 0.0000 0 0
28 65.0000 0.0000 0 0
29 67.5000 0.0000 0 0
30 70.0000 0.0000 0 0
31 72.5000 0.0000 0 0
32 75.0000 0.0000 0 0
33 77.5000 0.0000 0 0
34 80.0000 0.0000 0 0
35 82.5000 0.0000 0 0
36 85.0000 0.0000 0 0
37 87.5000 0.0000 0 0
38 90.0000 0.0000 0 0
39 92.5000 0.0000 0 0
40 95.0000 0.0000 0 0
41 97.5000 0.0000 0 0
42 98.4375 1.5625 0 0
43 96.8750 3.1250 0 0
44 95.3125 4.6875 0 0
45 93.7500 6.2500 0 0
46 92.1875 7.8125 0 0
47 90.6250 9.3750 0 0
48 89.0625 10.9375 0 0
49 87.5000 12.5000 0 0
50 85.9375 14.0625 0 0
51 84.3750 15.6250 0 0
52 82.8125 17.1875 0 0
53 81.2500 18.7500 0 0
54 79.6875 20.3125 0 0
55 78.1250 21.8750 0 0
56 76.5625 23.4375 0 0
57 75.0000 25.0000 0 0
58 73.4375 26.5625 0 0
59 71.8750 28.1250 0 0
60 70.3125 29.6875 0 0
61 68.7500 31.2500 0 0
62 67.1875 32.8125 0 0
63 65.6250 34.3750 0 0
64 64.0625 35.9375 0 0
65 62.5000 37.5000 0 0
66 60.9375 39.0625 0 0
67 59.3750 40.6250 0 0
68 57.8125 42.1875 0 0
69 56.2500 43.7500 0 0
70 54.6875 45.3125 0 0
71 53.1250 46.8750 0 0
72 51.5625 48.4375 0 0
73 50.0000 50.0000 0 0
74 48.4375 51.5625 0 0
75 46.8750 53.1250 0 0
76 45.3125 54.6875 0 0
77 43.7500 56.2500 0 0
78 42.1875 57.8125 0 0
79 40.6250 59.3750 0 0
80 39.0625 60.9375 0 0
81 37.5000 62.5000 0 0
82 35.9375 64.0625 0 0
83 34.3750 65.6250 0 0
84 32.8125 67.1875 0 0
85 31.2500 68.7500 0 0
86 29.6875 70.3125 0 0
87 28.1250 71.8750 0 0
88 26.5625 73.4375 0 0
89 25.0000 75.0000 0 0
90 23.4375 76.5625 0 0
91 21.8750 78.1250 0 0
92 20.3125 79.6875 0 0
93 18.7500 81.2500 0 0
94 17.1875 82.8125 0 0
95 15.6250 84.3750 0 0
96 14.0625 85.9375 0 0
97 12.5000 87.5000 0 0
98 10.9375 89.0625 0 0
99 9.3750 90.6250 0 0
100 7.8125 92.1875 0 0
101 6.2500 93.7500 0 0
102 4.6875 95.3125 0 0
103 3.1250 96.8750 0 0
104 1.5625 98.4375 0 0
105 0.0000 97.5000 0 0
106 0.0000 95.0000 0 0
107 0.0000 92.5000 0 0
108 0.0000 90.0000 0 0
109 0.0000 87.5000 0 0
110 0.0000 85.0000 0 0
111 0.0000 82.5000 0 0
112 0.0000 80.0000 0 0
113 0.0000 77.5000 0 0
114 0.0000 75.0000 0 0
115 0.0000 72.5000 0 0
116 0.0000 70.0000 0 0
117 0.0000 67.5000 0 0
118 0.0000 65.0000 0 0
119 0.0000 62.5000 0 0
120 0.0000 60.0000 0 0
121 0.0000 57.5000 0 0
122 0.0000 55.0000 0 0
123 0.0000 52.5000 0 0
124 0.0000 50.0000 0 0
125 0.0000 47.5000 0 0
126 0.0000 45.0000 0 0
127 0.0000 42.5000 0 0
128 0.0000 40.0000 0 0
129 0.0000 37.5000 0 0
130 0.0000 35.0000 0 0
131 0.0000 32.5000 0 0
132 0.0000 30.0000 0 0
133 0.0000 27.5000 0 0
134 0.0000 25.0000 0 0
135 0.0000 22.5000 0 0
136 0.0000 20.0000 0 0
137 0.0000 17.5000 0 0
138 0.0000 15.0000 0 0
139 0.0000 12.5000 0 0
140 0.0000 10.0000 0 0
141 0.0000 7.5000 0 0
142 0.0000 5.0000 0 0
143 0.0000 2.5000 0 0
144 29.6151 29.3939 0 0
145 49.0661 17.4025 0 0
146 18.1918 48.7249 0 0
147 34.5347 47.9200 0 0
148 16.7083 16.7083 0 0
149 69.4267 12.1134 0 0
150 12.1806 69.3977 0 0
151 47.8075 34.7974 0 0
152 12.9031 30.9654 0 0
153 31.0779 12.7009 0 0
154 61.6915 24.1915 0 0
155 24.1915 61.6915 0 0
156 83.7500 6.2500 0 0
157 6.2500 83.7500 0 0
158 21.1917 55.2082 0 0
159 18.1860 65.5446 0 0
160 15.1862 59.0613 0 0
161 59.2464 14.7580 0 0
162 65.5591 18.1525 0 0
163 55.3788 20.7970 0 0
164 9.0959 44.3624 0 0
165 9.0959 54.3624 0 0
166 54.5330 8.7012 0 0
167 44.5330 8.7012 0 0
168 6.0903 64.6988 0 0
169 64.7133 6.0567 0 0
170 39.3406 23.3982 0 0
171 48.4368 26.0999 0 0
172 38.7113 32.0956 0 0
173 18.3542 8.3542 0 0
174 8.3542 8.3542 0 0
175 8.3542 18.3542 0 0
176 30.8458 62.0958 0 0
177 29.3631 54.8058 0 0
178 36.0174 55.2100 0 0
179 32.0749 38.6569 0 0
180 26.3633 48.3225 0 0
181 23.9035 39.0594 0 0
182 78.4633 12.3067 0 0
183 74.7133 6.0567 0 0
184 6.0903 74.6988 0 0
185 12.3403 78.4488 0 0
186 72.2133 18.5567 0 0
187 18.5903 72.1988 0 0
188 30.3465 21.0474 0 0
189 40.0720 15.0517 0 0
190 15.5475 39.8452 0 0
191 21.2591 30.1796 0 0
192 42.2674 48.9600 0 0
193 35.5390 6.3505 0 0
194 6.4515 35.4827 0 0
195 25.5390 6.3505 0 0
196 6.4515 25.4827 0 0
197 23.8931 14.7046 0 0
198 14.8057 23.8369 0 0
199 41.1711 41.3587 0 0
200 48.9038 42.3987 0 0
201 55.1538 36.1487 0 0
202 23.1617 23.0511 0 0
203 54.7495 29.4944 0 0
204 62.0958 30.8458 0 0
205 68.3458 24.5958 0 0
206 24.5958 68.3458 0 0
207 91.8750 3.1250 0 0
208 88.7500 6.2500 0 0
209 86.8750 3.1250 0 0
210 85.6250 9.3750 0 0
211 81.8750 3.1250 0 0
212 3.1250 81.8750 0 0
213 3.1250 86.8750 0 0
214 6.2500 88.7500 0 0
215 3.1250 91.8750 0 0
216 9.3750 85.6250 0 0
217 19.6918 51.9665 0 0
218 18.1889 57.1347 0 0
219 16.6890 53.8931 0 0
220 19.6889 60.3764 0 0
221 16.6861 62.3029 0 0
222 22.6916 58.4499 0 0
223 21.1888 63.6180 0 0
224 15.1833 67.4711 0 0
225 13.6834 64.2295 0 0
226 54.1562 16.0802 0 0
227 57.3126 17.7775 0 0
228 52.2224 19.0997 0 0
229 62.4027 16.4552 0 0
230 60.4689 19.4747 0 0
231 64.3365 13.4357 0 0
232 67.4929 15.1330 0 0
233 63.6253 21.1720 0 0
234 58.5351 22.4942 0 0
235 4.5480 52.1812 0 0
236 4.5480 57.1812 0 0
237 4.5480 47.1812 0 0
238 9.0959 49.3624 0 0
239 4.5480 42.1812 0 0
240 13.6439 46.5437 0 0
241 13.6439 51.5437 0 0
242 47.2665 4.3506 0 0
243 42.2665 4.3506 0 0
244 52.2665 4.3506 0 0
245 49.5330 8.7012 0 0
246 57.2665 4.3506 0 0
247 51.7996 13.0519 0 0
248 46.7996 13.0519 0 0
249 7.5931 59.5306 0 0
250 3.0451 62.3494 0 0
251 12.1411 56.7119 0 0
252 10.6382 61.8800 0 0
253 9.1354 67.0482 0 0
254 62.3567 3.0284 0 0
255 59.6232 7.3790 0 0
256 61.9799 10.4073 0 0
257 56.8897 11.7296 0 0
258 67.0700 9.0851 0 0
259 34.4778 26.3960 0 0
260 39.0259 27.7469 0 0
261 34.1632 30.7447 0 0
262 43.8887 24.7490 0 0
263 43.5740 29.0978 0 0
264 44.2033 20.4003 0 0
265 48.7514 21.7512 0 0
266 48.1222 30.4486 0 0
267 43.2594 33.4465 0 0
268 9.1771 4.1771 0 0
269 4.1771 4.1771 0 0
270 14.1771 4.1771 0 0
271 13.3542 8.3542 0 0
272 19.1771 4.1771 0 0
273 17.5312 12.5313 0 0
274 12.5312 12.5313 0 0
275 4.1771 9.1771 0 0
276 8.3542 13.3542 0 0
277 4.1771 14.1771 0 0
278 12.5312 17.5313 0 0
279 4.1771 19.1771 0 0
280 34.1729 62.2979 0 0
281 33.4316 58.6529 0 0
282 36.7587 58.8550 0 0
283 30.1044 58.4508 0 0
284 32.6902 55.0079 0 0
285 27.5186 61.8936 0 0
286 26.7773 58.2486 0 0
287 31.9489 51.3629 0 0
288 35.2760 51.5650 0 0
289 30.8450 34.0254 0 0
290 27.9892 38.8582 0 0
291 26.7593 34.2266 0 0
292 29.2191 43.4897 0 0
293 25.1334 43.6909 0 0
294 33.3048 43.2885 0 0
295 30.4490 48.1212 0 0
296 22.2776 48.5237 0 0
297 21.0477 43.8921 0 0
298 79.2317 6.1534 0 0
299 77.3567 3.0284 0 0
300 81.1067 9.2784 0 0
301 76.5883 9.1817 0 0
302 82.9817 12.4034 0 0
303 73.9450 12.2101 0 0
304 72.0700 9.0851 0 0
305 9.2951 81.0994 0 0
306 12.4201 82.9744 0 0
307 6.1701 79.2244 0 0
308 9.2153 76.5738 0 0
309 3.0451 77.3494 0 0
310 9.1354 72.0482 0 0
311 12.2604 73.9232 0 0
312 79.8567 15.5284 0 0
313 76.7317 18.6534 0 0
314 75.3383 15.4317 0 0
315 73.6067 21.7784 0 0
316 70.8200 15.3351 0 0
317 18.6701 76.7244 0 0
318 21.7951 73.5994 0 0
319 15.5451 79.8494 0 0
320 15.4653 75.3238 0 0
321 15.3854 70.7982 0 0
322 29.9808 25.2206 0 0
323 34.8435 22.2228 0 0
324 35.2092 18.0496 0 0
325 39.7063 19.2249 0 0
326 30.7122 16.8742 0 0
327 35.5749 13.8763 0 0
328 44.5690 16.2271 0 0
329 22.5813 34.6195 0 0
330 25.4371 29.7868 0 0
331 19.7255 39.4523 0 0
332 18.4033 35.0124 0 0
333 16.8696 44.2850 0 0
334 14.2253 35.4053 0 0
335 17.0811 30.5725 0 0
336 23.7775 51.7653 0 0
337 27.8632 51.5641 0 0
338 25.2774 55.0070 0 0
339 43.0087 52.6050 0 0
340 46.1337 49.4800 0 0
341 39.8837 55.7300 0 0
342 39.1424 52.0850 0 0
343 38.4010 48.4400 0 0
344 67.3567 3.0284 0 0
345 72.3567 3.0284 0 0
346 69.7133 6.0567 0 0
347 3.0451 72.3494 0 0
348 3.0451 67.3494 0 0
349 6.0903 69.6988 0 0
350 40.0360 7.5259 0 0
351 37.7695 3.1752 0 0
352 42.3025 11.8765 0 0
353 37.8055 10.7011 0 0
354 33.3084 9.5257 0 0
355 3.2258 37.7414 0 0
356 7.7737 39.9226 0 0
357 10.9995 37.6639 0 0
358 12.3217 42.1038 0 0
359 9.6773 33.2241 0 0
360 27.7695 3.1752 0 0
361 22.7695 3.1752 0 0
362 32.7695 3.1752 0 0
363 30.5390 6.3505 0 0
364 28.3084 9.5257 0 0
365 3.2258 32.7414 0 0
366 3.2258 27.7414 0 0
367 6.4515 30.4827 0 0
368 3.2258 22.7414 0 0
369 9.6773 28.2241 0 0
370 21.9466 7.3523 0 0
371 24.7160 10.5276 0 0
372 21.1236 11.5294 0 0
373 27.4855 13.7028 0 0
374 20.3007 15.7065 0 0
375 7.4028 21.9184 0 0
376 11.5799 21.0955 0 0
377 10.6286 24.6598 0 0
378 15.7570 20.2726 0 0
379 13.8544 27.4011 0 0
380 35.3931 35.3763 0 0
381 39.9412 36.7271 0 0
382 36.6230 40.0078 0 0
383 44.4893 38.0780 0 0
384 37.8529 44.6394 0 0
385 55.7019 39.9493 0 0
386 58.8269 36.8243 0 0
387 52.5769 43.0743 0 0
388 52.0288 39.2737 0 0
389 49.4519 46.1993 0 0
390 48.3556 38.5980 0 0
391 51.4806 35.4730 0 0
392 26.3884 26.2225 0 0
393 26.7541 22.0493 0 0
394 23.5274 18.8779 0 0
395 27.1198 17.8760 0 0
396 19.9350 19.8797 0 0
397 22.2104 26.6154 0 0
398 18.0324 27.0083 0 0
399 18.9837 23.4440 0 0
400 58.6248 33.4972 0 0
401 62.2979 34.1729 0 0
402 54.9516 32.8216 0 0
403 58.4226 30.1701 0 0
404 51.2785 32.1459 0 0
405 58.2205 26.8430 0 0
406 61.8936 27.5186 0 0
407 68.5479 27.9229 0 0
408 71.6729 24.7979 0 0
409 65.4229 31.0479 0 0
410 65.2208 27.7208 0 0
411 65.0186 24.3936 0 0
412 31.0479 65.4229 0 0
413 27.9229 68.5479 0 0
414 27.7208 65.2208 0 0
415 24.7979 71.6729 0 0
416 24.3936 65.0186 0 0
417 51.9078 23.4485 0 0
418 55.0642 25.1457 0 0
419 51.5932 27.7972 0 0
420 45.5856 45.6793 0 0
421 41.7192 45.1594 0 0
422 45.0374 41.8787 0 0
423 21.5930 70.2723 0 0
424 18.3882 68.8717 0 0
425 21.3909 66.9452 0 0
426 70.2795 21.5762 0 0
427 66.9524 21.3741 0 0
428 68.8862 18.3546 0 0
429 95.9375 1.5625 0 0
430 94.3750 3.1250 0 0
431 93.4375 1.5625 0 0
432 92.8125 4.6875 0 0
433 90.9375 1.5625 0 0
434 91.2500 6.2500 0 0
435 90.3125 4.6875 0 0
436 87.8125 4.6875 0 0
437 89.3750 3.1250 0 0
438 86.2500 6.2500 0 0
439 85.3125 4.6875 0 0
440 88.4375 1.5625 0 0
441 89.6875 7.8125 0 0
442 88.1250 9.3750 0 0
443 87.1875 7.8125 0 0
444 86.5625 10.9375 0 0
445 84.6875 7.8125 0 0
446 85.9375 1.5625 0 0
447 84.3750 3.1250 0 0
448 83.4375 1.5625 0 0
449 82.8125 4.6875 0 0
450 80.9375 1.5625 0 0
451 1.5625 80.9375 0 0
452 1.5625 83.4375 0 0
453 3.1250 84.3750 0 0
454 1.5625 85.9375 0 0
455 4.6875 82.8125 0 0
456 4.6875 85.3125 0 0
457 1.5625 88.4375 0 0
458 6.2500 86.2500 0 0
459 4.6875 87.8125 0 0
460 4.6875 90.3125 0 0
461 3.1250 89.3750 0 0
462 6.2500 91.2500 0 0
463 4.6875 92.8125 0 0
464 1.5625 90.9375 0 0
465 7.8125 84.6875 0 0
466 7.8125 87.1875 0 0
467 9.3750 88.1250 0 0
468 7.8125 89.6875 0 0
469 10.9375 86.5625 0 0
470 1.5625 93.4375 0 0
471 3.1250 94.3750 0 0
472 1.5625 95.9375 0 0
473 18.9418 50.3457 0 0
474 18.1904 52.9298 0 0
475 17.4404 51.3090 0 0
476 18.9404 54.5506 0 0
477 17.4390 55.5139 0 0
478 20.4417 53.5874 0 0
479 19.6903 56.1715 0 0
480 16.6876 58.0980 0 0
481 15.9376 56.4772 0 0
482 20.4403 57.7923 0 0
483 18.9389 58.7556 0 0
484 18.1875 61.3397 0 0
485 17.4375 59.7188 0 0
486 18.9374 62.9605 0 0
487 17.4361 63.9238 0 0
488 15.9362 60.6821 0 0
489 21.9416 56.8290 0 0
490 21.1902 59.4131 0 0
491 21.9402 61.0339 0 0
492 20.4388 61.9972 0 0
493 23.4415 60.0707 0 0
494 22.6901 62.6548 0 0
495 19.6874 64.5813 0 0
496 15.1847 63.2662 0 0
497 14.4348 61.6454 0 0
498 15.9347 64.8870 0 0
499 14.4333 65.8503 0 0
500 16.6847 66.5078 0 0
501 13.6819 68.4344 0 0
502 12.9320 66.8136 0 0
503 51.6112 16.7414 0 0
504 53.1893 17.5900 0 0
505 50.6443 18.2511 0 0
506 55.7344 16.9289 0 0
507 54.7675 18.4386 0 0
508 56.7013 15.4191 0 0
509 58.2795 16.2677 0 0
510 56.3457 19.2872 0 0
511 53.8006 19.9484 0 0
512 60.8246 15.6066 0 0
513 59.8577 17.1163 0 0
514 61.4358 17.9650 0 0
515 58.8908 18.6261 0 0
516 63.9809 17.3038 0 0
517 63.0140 18.8136 0 0
518 57.9239 20.1359 0 0
519 61.7914 14.0968 0 0
520 63.3696 14.9455 0 0
521 65.9147 14.2843 0 0
522 64.9478 15.7941 0 0
523 66.8816 12.7746 0 0
524 68.4598 13.6232 0 0
525 66.5260 16.6427 0 0
526 59.5020 20.9845 0 0
527 56.9570 21.6456 0 0
528 62.0471 20.3234 0 0
529 61.0802 21.8331 0 0
530 64.5922 19.6622 0 0
531 62.6584 22.6817 0 0
532 60.1133 23.3429 0 0
533 2.2740 56.0906 0 0
534 2.2740 58.5906 0 0
535 2.2740 53.5906 0 0
536 4.5480 54.6812 0 0
537 2.2740 51.0906 0 0
538 6.8219 53.2718 0 0
539 6.8219 55.7718 0 0
540 2.2740 48.5906 0 0
541 4.5480 49.6812 0 0
542 6.8219 48.2718 0 0
543 6.8219 50.7718 0 0
544 6.8219 45.7718 0 0
545 9.0959 46.8624 0 0
546 9.0959 51.8624 0 0
547 2.2740 46.0906 0 0
548 2.2740 43.5906 0 0
549 4.5480 44.6812 0 0
550 2.2740 41.0906 0 0
551 6.8219 43.2718 0 0
552 11.3699 50.4531 0 0
553 11.3699 52.9531 0 0
554 11.3699 47.9531 0 0
555 13.6439 49.0437 0 0
556 11.3699 45.4531 0 0
557 15.9179 47.6343 0 0
558 15.9179 50.1343 0 0
559 43.6333 2.1753 0 0
560 41.1333 2.1753 0 0
561 46.1333 2.1753 0 0
562 44.7665 4.3506 0 0
563 48.6333 2.1753 0 0
564 45.8998 6.5259 0 0
565 43.3998 6.5259 0 0
566 51.1333 2.1753 0 0
567 49.7665 4.3506 0 0
568 50.8998 6.5259 0 0
569 48.3998 6.5259 0 0
570 53.3998 6.5259 0 0
571 52.0330 8.7012 0 0
572 47.0330 8.7012 0 0
573 53.6333 2.1753 0 0
574 56.1333 2.1753 0 0
575 54.7665 4.3506 0 0
576 58.6333 2.1753 0 0
577 55.8998 6.5259 0 0
578 48.1663 10.8766 0 0
579 45.6663 10.8766 0 0
580 50.6663 10.8766 0 0
581 49.2996 13.0519 0 0
582 53.1663 10.8766 0 0
583 50.4328 15.2272 0 0
584 47.9328 15.2272 0 0
585 3.7966 59.7653 0 0
586 1.5226 61.1747 0 0
587 6.0705 58.3559 0 0
588 5.3191 60.9400 0 0
589 8.3445 56.9465 0 0
590 6.8417 62.1147 0 0
591 4.5677 63.5241 0 0
592 10.6185 55.5372 0 0
593 9.8671 58.1212 0 0
594 11.3897 59.2960 0 0
595 9.1157 60.7053 0 0
596 13.6636 57.8866 0 0
597 12.9122 60.4707 0 0
598 8.3643 63.2894 0 0
599 12.8925 54.1278 0 0
600 15.1665 52.7184 0 0
601 14.4150 55.3025 0 0
602 9.8868 64.4641 0 0
603 7.6128 65.8735 0 0
604 12.1608 63.0548 0 0
605 11.4094 65.6389 0 0
606 10.6580 68.2229 0 0
607 61.1783 1.5142 0 0
608 59.8116 3.6895 0 0
609 60.9899 5.2037 0 0
610 58.4449 5.8648 0 0
611 63.5350 4.5425 0 0
612 62.1683 6.7178 0 0
613 57.0781 8.0401 0 0
614 63.3466 8.2320 0 0
615 60.8015 8.8932 0 0
616 59.4348 11.0685 0 0
617 58.2564 9.5543 0 0
618 60.6131 12.5827 0 0
619 58.0680 13.2438 0 0
620 55.7114 10.2154 0 0
621 65.8917 7.5709 0 0
622 64.5249 9.7462 0 0
623 65.7033 11.2604 0 0
624 63.1582 11.9215 0 0
625 68.2483 10.5993 0 0
626 54.3446 12.3907 0 0
627 55.5230 13.9049 0 0
628 52.9779 14.5660 0 0
629 32.0465 27.8949 0 0
630 34.3205 28.5704 0 0
631 31.8891 30.0693 0 0
632 36.7519 27.0715 0 0
633 36.5946 29.2458 0 0
634 36.9092 24.8971 0 0
635 39.1833 25.5725 0 0
636 38.8686 29.9213 0 0
637 36.4372 31.4202 0 0
638 41.6146 24.0736 0 0
639 41.4573 26.2480 0 0
640 43.7314 26.9234 0 0
641 41.3000 28.4223 0 0
642 46.1627 25.4245 0 0
643 46.0054 27.5988 0 0
644 41.1427 30.5967 0 0
645 41.7720 21.8993 0 0
646 44.0460 22.5747 0 0
647 46.4774 21.0758 0 0
648 46.3201 23.2501 0 0
649 46.6347 18.9014 0 0
650 48.9088 19.5768 0 0
651 48.5941 23.9256 0 0
652 43.4167 31.2721 0 0
653 40.9854 32.7710 0 0
654 45.8481 29.7732 0 0
655 45.6908 31.9476 0 0
656 48.2795 28.2743 0 0
657 47.9648 32.6230 0 0
658 45.5335 34.1219 0 0
659 4.5885 2.0885 0 0
660 2.0885 2.0885 0 0
661 7.0885 2.0885 0 0
662 6.6771 4.1771 0 0
663 9.5885 2.0885 0 0
664 8.7656 6.2656 0 0
665 6.2656 6.2656 0 0
666 12.0885 2.0885 0 0
667 11.6771 4.1771 0 0
668 13.7656 6.2656 0 0
669 11.2656 6.2656 0 0
670 16.2656 6.2656 0 0
671 15.8542 8.3542 0 0
672 10.8542 8.3542 0 0
673 14.5885 2.0885 0 0
674 17.0885 2.0885 0 0
675 16.6771 4.1771 0 0
676 19.5885 2.0885 0 0
677 18.7656 6.2656 0 0
678 12.9427 10.4427 0 0
679 10.4427 10.4427 0 0
680 15.4427 10.4427 0 0
681 15.0312 12.5313 0 0
682 17.9427 10.4427 0 0
683 17.1198 14.6198 0 0
684 14.6198 14.6198 0 0
685 2.0885 4.5885 0 0
686 4.1771 6.6771 0 0
687 2.0885 7.0885 0 0
688 6.2656 8.7656 0 0
689 2.0885 9.5885 0 0
690 8.3542 10.8542 0 0
691 6.2656 11.2656 0 0
692 6.2656 13.7656 0 0
693 4.1771 11.6771 0 0
694 8.3542 15.8542 0 0
695 6.2656 16.2656 0 0
696 2.0885 12.0885 0 0
697 10.4427 12.9427 0 0
698 12.5312 15.0313 0 0
699 10.4427 15.4427 0 0
700 14.6198 17.1198 0 0
701 10.4427 17.9427 0 0
702 2.0885 14.5885 0 0
703 4.1771 16.6771 0 0
704 2.0885 17.0885 0 0
705 6.2656 18.7656 0 0
706 2.0885 19.5885 0 0
707 35.8364 62.3989 0 0
708 35.4658 60.5764 0 0
709 37.1293 60.6775 0 0
710 33.8022 60.4754 0 0
711 35.0951 58.7539 0 0
712 32.5093 62.1968 0 0
713 32.1387 60.3743 0 0
714 34.7245 56.9314 0 0
715 36.3880 57.0325 0 0
716 30.4751 60.2733 0 0
717 31.7680 58.5518 0 0
718 31.3973 56.7293 0 0
719 33.0609 56.8304 0 0
720 29.7338 56.6283 0 0
721 31.0267 54.9068 0 0
722 34.3538 55.1090 0 0
723 29.1822 61.9947 0 0
724 28.8115 60.1722 0 0
725 27.1480 60.0711 0 0
726 28.4409 58.3497 0 0
727 25.8551 61.7926 0 0
728 25.4844 59.9701 0 0
729 28.0702 56.5272 0 0
730 33.9831 53.2865 0 0
731 35.6467 53.3875 0 0
732 32.3196 53.1854 0 0
733 33.6125 51.4640 0 0
734 30.6560 53.0843 0 0
735 33.2418 49.6415 0 0
736 34.9054 49.7425 0 0
737 30.2300 31.7096 0 0
738 28.8021 34.1260 0 0
739 28.1872 31.8102 0 0
740 29.4171 36.4418 0 0
741 27.3742 36.5424 0 0
742 31.4599 36.3412 0 0
743 30.0320 38.7576 0 0
744 25.9463 38.9588 0 0
745 25.3314 36.6430 0 0
746 30.6470 41.0733 0 0
747 28.6041 41.1739 0 0
748 27.1762 43.5903 0 0
749 26.5613 41.2745 0 0
750 27.7912 45.9061 0 0
751 25.7483 46.0067 0 0
752 24.5184 41.3751 0 0
753 32.6899 40.9727 0 0
754 31.2620 43.3891 0 0
755 31.8769 45.7049 0 0
756 29.8340 45.8055 0 0
757 33.9198 45.6043 0 0
758 32.4919 48.0206 0 0
759 28.4061 48.2219 0 0
760 23.0905 43.7915 0 0
761 22.4756 41.4758 0 0
762 23.7055 46.1073 0 0
763 21.6626 46.2079 0 0
764 24.3204 48.4231 0 0
765 20.2347 48.6243 0 0
766 19.6198 46.3085 0 0
767 79.6158 3.0767 0 0
768 78.6783 1.5142 0 0
769 80.5533 4.6392 0 0
770 78.2942 4.5909 0 0
771 81.4908 6.2017 0 0
772 76.9725 6.1050 0 0
773 76.0350 4.5425 0 0
774 82.4283 7.7642 0 0
775 80.1692 7.7159 0 0
776 78.8475 9.2300 0 0
777 77.9100 7.6675 0 0
778 79.7850 10.7925 0 0
779 77.5258 10.7442 0 0
780 75.6508 7.6192 0 0
781 83.3658 9.3267 0 0
782 84.3033 10.8892 0 0
783 82.0442 10.8409 0 0
784 85.2408 12.4517 0 0
785 80.7225 12.3550 0 0
786 74.3292 9.1334 0 0
787 73.3917 7.5709 0 0
788 75.2667 10.6959 0 0
789 73.0075 10.6476 0 0
790 76.2042 12.2584 0 0
791 71.6858 12.1618 0 0
792 70.7483 10.5993 0 0
793 10.8976 84.2997 0 0
794 12.4601 85.2372 0 0
795 9.3351 83.3622 0 0
796 10.8576 82.0369 0 0
797 7.7726 82.4247 0 0
798 10.8177 79.7741 0 0
799 12.3802 80.7116 0 0
800 6.2101 81.4872 0 0
801 7.7326 80.1619 0 0
802 7.6927 77.8991 0 0
803 9.2552 78.8366 0 0
804 6.1302 76.9616 0 0
805 7.6528 75.6363 0 0
806 10.7778 77.5113 0 0
807 4.6476 80.5497 0 0
808 3.0851 79.6122 0 0
809 4.6076 78.2869 0 0
810 1.5226 78.6747 0 0
811 4.5677 76.0241 0 0
812 10.7378 75.2485 0 0
813 12.3003 76.1860 0 0
814 9.1753 74.3110 0 0
815 10.6979 72.9857 0 0
816 7.6128 73.3735 0 0
817 10.6580 70.7229 0 0
818 12.2205 71.6604 0 0
819 83.6783 14.0142 0 0
820 82.1158 15.5767 0 0
821 81.4192 13.9659 0 0
822 80.5533 17.1392 0 0
823 79.1600 13.9175 0 0
824 78.9908 18.7017 0 0
825 78.2942 17.0909 0 0
826 76.0350 17.0425 0 0
827 77.5975 15.4800 0 0
828 74.4725 18.6050 0 0
829 73.7758 16.9942 0 0
830 76.9008 13.8692 0 0
831 77.4283 20.2642 0 0
832 75.8658 21.8267 0 0
833 75.1692 20.2159 0 0
834 74.3033 23.3892 0 0
835 72.9100 20.1675 0 0
836 74.6417 13.8209 0 0
837 73.0792 15.3834 0 0
838 72.3825 13.7726 0 0
839 71.5167 16.9459 0 0
840 70.1233 13.7243 0 0
841 21.8351 75.8622 0 0
842 23.3976 74.2997 0 0
843 20.2726 77.4247 0 0
844 20.2326 75.1619 0 0
845 18.7101 78.9872 0 0
846 18.6302 74.4616 0 0
847 20.1927 72.8991 0 0
848 17.1476 80.5497 0 0
849 17.1076 78.2869 0 0
850 15.5052 77.5866 0 0
851 17.0677 76.0241 0 0
852 13.9427 79.1491 0 0
853 13.9028 76.8863 0 0
854 17.0278 73.7613 0 0
855 15.5851 82.1122 0 0
856 14.0226 83.6747 0 0
857 13.9826 81.4119 0 0
858 15.4253 73.0610 0 0
859 16.9878 71.4985 0 0
860 13.8628 74.6235 0 0
861 13.8229 72.3607 0 0
862 13.7830 70.0979 0 0
863 29.7979 27.3072 0 0
864 32.2293 25.8083 0 0
865 32.4122 23.7217 0 0
866 34.6607 24.3094 0 0
867 30.1636 23.1340 0 0
868 32.5950 21.6351 0 0
869 37.0921 22.8105 0 0
870 32.7779 19.5485 0 0
871 35.0264 20.1362 0 0
872 37.4578 18.6373 0 0
873 37.2749 20.7239 0 0
874 37.6406 16.5506 0 0
875 39.8891 17.1383 0 0
876 39.5234 21.3116 0 0
877 30.5293 18.9608 0 0
878 32.9607 17.4619 0 0
879 33.1436 15.3752 0 0
880 35.3921 15.9629 0 0
881 30.8950 14.7876 0 0
882 33.3264 13.2886 0 0
883 37.8235 14.4640 0 0
884 41.9548 19.8126 0 0
885 42.1377 17.7260 0 0
886 44.3862 18.3137 0 0
887 42.3205 15.6394 0 0
888 46.8176 16.8148 0 0
889 26.0982 32.0067 0 0
890 27.5261 29.5903 0 0
891 24.6703 34.4231 0 0
892 24.0092 32.2031 0 0
893 23.2424 36.8394 0 0
894 21.9202 32.3996 0 0
895 23.3481 29.9832 0 0
896 21.8145 39.2558 0 0
897 21.1534 37.0359 0 0
898 19.0644 37.2323 0 0
899 20.4923 34.8160 0 0
900 17.6365 39.6487 0 0
901 16.9754 37.4288 0 0
902 19.8312 32.5960 0 0
903 20.3866 41.6722 0 0
904 18.9587 44.0886 0 0
905 18.2976 41.8686 0 0
906 17.5307 46.5050 0 0
907 16.2086 42.0651 0 0
908 17.7422 32.7925 0 0
909 19.1701 30.3761 0 0
910 16.3143 35.2088 0 0
911 15.6532 32.9889 0 0
912 14.8864 37.6252 0 0
913 13.5642 33.1854 0 0
914 14.9921 30.7690 0 0
915 20.9847 50.2451 0 0
916 23.0275 50.1445 0 0
917 21.7346 51.8659 0 0
918 25.0704 50.0439 0 0
919 22.4846 53.4868 0 0
920 27.1132 49.9433 0 0
921 25.8203 51.6647 0 0
922 26.5703 53.2855 0 0
923 24.5274 53.3862 0 0
924 28.6132 53.1849 0 0
925 27.3203 54.9064 0 0
926 23.2345 55.1076 0 0
927 29.1561 49.8427 0 0
928 31.1990 49.7421 0 0
929 29.9061 51.4635 0 0
930 23.9845 56.7284 0 0
931 26.0274 56.6278 0 0
932 24.7344 58.3492 0 0
933 46.5043 51.3025 0 0
934 48.0668 49.7400 0 0
935 44.9418 52.8650 0 0
936 44.5712 51.0425 0 0
937 43.3793 54.4275 0 0
938 42.6380 50.7825 0 0
939 44.2005 49.2200 0 0
940 41.8168 55.9900 0 0
941 41.4462 54.1675 0 0
942 39.5130 53.9075 0 0
943 41.0755 52.3450 0 0
944 37.9505 55.4700 0 0
945 37.5799 53.6475 0 0
946 40.7049 50.5225 0 0
947 40.2543 57.5525 0 0
948 38.6918 59.1150 0 0
949 38.3212 57.2925 0 0
950 38.7717 50.2625 0 0
951 40.3342 48.7000 0 0
952 37.2092 51.8250 0 0
953 36.8385 50.0025 0 0
954 36.4679 48.1800 0 0
955 63.6783 1.5142 0 0
956 66.1783 1.5142 0 0
957 64.8567 3.0284 0 0
958 68.6783 1.5142 0 0
959 66.0350 4.5425 0 0
960 71.1783 1.5142 0 0
961 69.8567 3.0284 0 0
962 71.0350 4.5425 0 0
963 68.5350 4.5425 0 0
964 73.5350 4.5425 0 0
965 72.2133 6.0567 0 0
966 67.2133 6.0567 0 0
967 73.6783 1.5142 0 0
968 76.1783 1.5142 0 0
969 74.8567 3.0284 0 0
970 68.3917 7.5709 0 0
971 70.8917 7.5709 0 0
972 69.5700 9.0851 0 0
973 1.5226 76.1747 0 0
974 1.5226 73.6747 0 0
975 3.0451 74.8494 0 0
976 1.5226 71.1747 0 0
977 4.5677 73.5241 0 0
978 1.5226 68.6747 0 0
979 3.0451 69.8494 0 0
980 4.5677 68.5241 0 0
981 4.5677 71.0241 0 0
982 4.5677 66.0241 0 0
983 6.0903 67.1988 0 0
984 6.0903 72.1988 0 0
985 1.5226 66.1747 0 0
986 1.5226 63.6747 0 0
987 3.0451 64.8494 0 0
988 7.6128 70.8735 0 0
989 7.6128 68.3735 0 0
990 9.1354 69.5482 0 0
991 40.0180 3.7629 0 0
992 38.8847 1.5876 0 0
993 41.1513 5.9382 0 0
994 38.9027 5.3505 0 0
995 42.2845 8.1136 0 0
996 37.7875 6.9382 0 0
997 36.6542 4.7629 0 0
998 43.4178 10.2889 0 0
999 41.1693 9.7012 0 0
1000 40.0540 11.2888 0 0
1001 38.9207 9.1135 0 0
1002 41.1873 13.4641 0 0
1003 38.9387 12.8764 0 0
1004 36.6722 8.5258 0 0
1005 44.5510 12.4642 0 0
1006 45.6843 14.6395 0 0
1007 43.4358 14.0518 0 0
1008 35.5569 10.1134 0 0
1009 34.4237 7.9381 0 0
1010 36.6902 12.2887 0 0
1011 34.4417 11.7010 0 0
1012 32.1932 11.1133 0 0
1013 1.6129 38.8707 0 0
1014 3.8869 39.9613 0 0
1015 5.4997 38.8320 0 0
1016 6.1608 41.0519 0 0
1017 4.8386 36.6120 0 0
1018 7.1126 37.7026 0 0
1019 8.4348 42.1425 0 0
1020 8.7255 36.5733 0 0
1021 9.3866 38.7933 0 0
1022 11.6606 39.8839 0 0
1023 10.0477 41.0132 0 0
1024 13.2735 38.7545 0 0
1025 13.9346 40.9745 0 0
1026 10.7088 43.2331 0 0
1027 8.0644 34.3534 0 0
1028 10.3384 35.4440 0 0
1029 11.9513 34.3147 0 0
1030 12.6124 36.5346 0 0
1031 11.2902 32.0947 0 0
1032 12.9828 44.3237 0 0
1033 14.5957 43.1944 0 0
1034 15.2568 45.4143 0 0
1035 23.8847 1.5876 0 0
1036 21.3847 1.5876 0 0
1037 26.3847 1.5876 0 0
1038 25.2695 3.1752 0 0
1039 28.8847 1.5876 0 0
1040 26.6542 4.7629 0 0
1041 24.1542 4.7629 0 0
1042 31.3847 1.5876 0 0
1043 30.2695 3.1752 0 0
1044 31.6542 4.7629 0 0
1045 29.1542 4.7629 0 0
1046 34.1542 4.7629 0 0
1047 33.0390 6.3505 0 0
1048 28.0390 6.3505 0 0
1049 33.8847 1.5876 0 0
1050 36.3847 1.5876 0 0
1051 35.2695 3.1752 0 0
1052 29.4237 7.9381 0 0
1053 26.9237 7.9381 0 0
1054 31.9237 7.9381 0 0
1055 30.8084 9.5257 0 0
1056 29.6932 11.1133 0 0
1057 1.6129 36.3707 0 0
1058 1.6129 33.8707 0 0
1059 3.2258 35.2414 0 0
1060 1.6129 31.3707 0 0
1061 4.8386 34.1120 0 0
1062 1.6129 28.8707 0 0
1063 3.2258 30.2414 0 0
1064 4.8386 29.1120 0 0
1065 4.8386 31.6120 0 0
1066 4.8386 26.6120 0 0
1067 6.4515 27.9827 0 0
1068 6.4515 32.9827 0 0
1069 1.6129 26.3707 0 0
1070 1.6129 23.8707 0 0
1071 3.2258 25.2414 0 0
1072 1.6129 21.3707 0 0
1073 4.8386 24.1120 0 0
1074 8.0644 31.8534 0 0
1075 8.0644 29.3534 0 0
1076 9.6773 30.7241 0 0
1077 8.0644 26.8534 0 0
1078 11.2902 29.5947 0 0
1079 20.9733 3.6762 0 0
1080 22.3580 5.2638 0 0
1081 20.5618 5.7647 0 0
1082 23.7428 6.8514 0 0
1083 20.1504 7.8532 0 0
1084 25.1275 8.4390 0 0
1085 23.3313 8.9399 0 0
1086 22.9198 11.0285 0 0
1087 21.5351 9.4409 0 0
1088 24.3046 12.6161 0 0
1089 22.5084 13.1170 0 0
1090 19.7389 9.9418 0 0
1091 26.5122 10.0266 0 0
1092 27.8970 11.6142 0 0
1093 26.1008 12.1152 0 0
1094 29.2817 13.2019 0 0
1095 25.6893 14.2037 0 0
1096 19.3274 12.0303 0 0
1097 20.7122 13.6179 0 0
1098 18.9160 14.1189 0 0
1099 22.0969 15.2056 0 0
1100 18.5045 16.2074 0 0
1101 3.7014 20.9592 0 0
1102 5.7900 20.5478 0 0
1103 5.3143 22.3299 0 0
1104 7.8785 20.1363 0 0
1105 6.9272 23.7006 0 0
1106 9.9670 19.7248 0 0
1107 9.4914 21.5070 0 0
1108 11.1043 22.8777 0 0
1109 9.0157 23.2891 0 0
1110 13.1928 22.4662 0 0
1111 12.7172 24.2483 0 0
1112 8.5401 25.0713 0 0
1113 12.0556 19.3134 0 0
1114 14.1441 18.9019 0 0
1115 13.6685 20.6841 0 0
1116 16.2327 18.4905 0 0
1117 15.2814 22.0547 0 0
1118 10.1529 26.4419 0 0
1119 12.2415 26.0305 0 0
1120 11.7658 27.8126 0 0
1121 14.3300 25.6190 0 0
1122 13.3787 29.1833 0 0
1123 32.5041 32.3851 0 0
1124 34.7781 33.0605 0 0
1125 33.1190 34.7008 0 0
1126 37.0522 33.7359 0 0
1127 33.7340 37.0166 0 0
1128 39.3263 34.4114 0 0
1129 37.6672 36.0517 0 0
1130 38.2821 38.3675 0 0
1131 36.0081 37.6920 0 0
1132 40.5562 39.0429 0 0
1133 38.8971 40.6833 0 0
1134 34.3490 39.3324 0 0
1135 41.6003 35.0868 0 0
1136 43.8744 35.7622 0 0
1137 42.2153 37.4026 0 0
1138 46.1484 36.4377 0 0
1139 42.8302 39.7184 0 0
1140 34.9639 41.6482 0 0
1141 37.2380 42.3236 0 0
1142 35.5789 43.9639 0 0
1143 39.5120 42.9990 0 0
1144 36.1938 46.2797 0 0
1145 59.1009 38.7247 0 0
1146 60.6634 37.1622 0 0
1147 57.5384 40.2872 0 0
1148 57.2644 38.3868 0 0
1149 55.9759 41.8497 0 0
1150 55.4278 38.0490 0 0
1151 56.9903 36.4865 0 0
1152 54.4134 43.4122 0 0
1153 54.1394 41.5118 0 0
1154 52.3028 41.1740 0 0
1155 53.8653 39.6115 0 0
1156 50.7403 42.7365 0 0
1157 50.4663 40.8362 0 0
1158 53.5913 37.7112 0 0
1159 52.8509 44.9747 0 0
1160 51.2884 46.5372 0 0
1161 51.0144 44.6368 0 0
1162 49.7259 48.0997 0 0
1163 49.1778 44.2990 0 0
1164 51.7547 37.3733 0 0
1165 53.3172 35.8108 0 0
1166 50.1922 38.9358 0 0
1167 49.9181 37.0355 0 0
1168 48.6297 40.4983 0 0
1169 48.0816 36.6977 0 0
1170 49.6441 35.1352 0 0
1171 28.0017 27.8082 0 0
1172 28.1846 25.7216 0 0
1173 26.5712 24.1359 0 0
1174 28.3674 23.6349 0 0
1175 24.7751 24.6368 0 0
1176 24.9579 22.5502 0 0
1177 28.5503 21.5483 0 0
1178 23.3446 20.9645 0 0
1179 25.1408 20.4636 0 0
1180 25.3236 18.3769 0 0
1181 26.9370 19.9626 0 0
1182 23.7103 16.7913 0 0
1183 25.5065 16.2903 0 0
1184 28.7331 19.4617 0 0
1185 21.5484 21.4654 0 0
1186 21.7312 19.3788 0 0
1187 20.1179 17.7931 0 0
1188 21.9141 17.2922 0 0
1189 18.3217 18.2940 0 0
1190 28.9160 17.3751 0 0
1191 27.3027 15.7894 0 0
1192 29.0989 15.2885 0 0
1193 25.9127 28.0046 0 0
1194 23.8237 28.2011 0 0
1195 24.2994 26.4189 0 0
1196 21.7347 28.3975 0 0
1197 22.6860 24.8332 0 0
1198 19.6457 28.5940 0 0
1199 20.1214 26.8118 0 0
1200 18.5080 25.2261 0 0
1201 20.5970 25.0297 0 0
1202 16.4190 25.4226 0 0
1203 16.8947 23.6404 0 0
1204 21.0727 23.2475 0 0
1205 17.5567 28.7904 0 0
1206 15.4677 28.9868 0 0
1207 15.9434 27.2047 0 0
1208 19.4594 21.6619 0 0
1209 17.3704 21.8583 0 0
1210 17.8460 20.0762 0 0
1211 60.5624 35.4986 0 0
1212 62.3989 35.8364 0 0
1213 58.7258 35.1608 0 0
1214 60.4613 33.8350 0 0
1215 56.8893 34.8229 0 0
1216 60.3603 32.1715 0 0
1217 62.1968 32.5093 0 0
1218 55.0527 34.4851 0 0
1219 56.7882 33.1594 0 0
1220 56.6871 31.4958 0 0
1221 58.5237 31.8337 0 0
1222 54.8506 31.1580 0 0
1223 56.5861 29.8323 0 0
1224 60.2592 30.5079 0 0
1225 53.2161 34.1473 0 0
1226 51.3796 33.8095 0 0
1227 53.1151 32.4837 0 0
1228 49.5430 33.4716 0 0
1229 53.0140 30.8202 0 0
1230 60.1581 28.8444 0 0
1231 61.9947 29.1822 0 0
1232 58.3216 28.5065 0 0
1233 60.0571 27.1808 0 0
1234 56.4850 28.1687 0 0
1235 59.9560 25.5172 0 0
1236 61.7926 25.8551 0 0
1237 71.7739 26.4614 0 0
1238 73.3364 24.8989 0 0
1239 70.2114 28.0239 0 0
1240 70.1104 26.3604 0 0
1241 68.6489 29.5864 0 0
1242 68.4468 26.2593 0 0
1243 70.0093 24.6968 0 0
1244 67.0864 31.1489 0 0
1245 66.9854 29.4854 0 0
1246 65.3218 29.3843 0 0
1247 66.8843 27.8218 0 0
1248 63.7593 30.9468 0 0
1249 63.6583 29.2833 0 0
1250 66.7833 26.1583 0 0
1251 65.5239 32.7114 0 0
1252 63.9614 34.2739 0 0
1253 63.8604 32.6104 0 0
1254 65.1197 26.0572 0 0
1255 66.6822 24.4947 0 0
1256 63.5572 27.6197 0 0
1257 63.4561 25.9561 0 0
1258 63.3551 24.2926 0 0
1259 34.2739 63.9614 0 0
1260 32.7114 65.5239 0 0
1261 32.6104 63.8604 0 0
1262 31.1489 67.0864 0 0
1263 30.9468 63.7593 0 0
1264 29.5864 68.6489 0 0
1265 29.4854 66.9854 0 0
1266 27.8218 66.8843 0 0
1267 29.3843 65.3218 0 0
1268 26.2593 68.4468 0 0
1269 26.1583 66.7833 0 0
1270 29.2833 63.6583 0 0
1271 28.0239 70.2114 0 0
1272 26.4614 71.7739 0 0
1273 26.3604 70.1104 0 0
1274 24.8989 73.3364 0 0
1275 24.6968 70.0093 0 0
1276 27.6197 63.5572 0 0
1277 26.0572 65.1197 0 0
1278 25.9561 63.4561 0 0
1279 24.4947 66.6822 0 0
1280 24.2926 63.3551 0 0
1281 50.4869 20.4255 0 0
1282 52.0651 21.2741 0 0
1283 50.3296 22.5998 0 0
1284 53.6433 22.1227 0 0
1285 50.1723 24.7742 0 0
1286 55.2215 22.9714 0 0
1287 53.4860 24.2971 0 0
1288 53.3287 26.4714 0 0
1289 51.7505 25.6228 0 0
1290 54.9068 27.3201 0 0
1291 53.1713 28.6458 0 0
1292 50.0150 26.9485 0 0
1293 56.7996 23.8200 0 0
1294 58.3778 24.6686 0 0
1295 56.6423 25.9943 0 0
1296 49.8577 29.1229 0 0
1297 51.4358 29.9715 0 0
1298 49.7003 31.2973 0 0
1299 47.7928 47.8397 0 0
1300 45.8596 47.5797 0 0
1301 47.5187 45.9393 0 0
1302 43.9265 47.3197 0 0
1303 47.2447 44.0390 0 0
1304 41.9933 47.0597 0 0
1305 43.6524 45.4193 0 0
1306 43.3783 43.5190 0 0
1307 45.3115 43.7790 0 0
1308 41.4452 43.2590 0 0
1309 43.1043 41.6187 0 0
1310 46.9706 42.1387 0 0
1311 40.0601 46.7997 0 0
1312 38.1270 46.5397 0 0
1313 39.7861 44.8994 0 0
1314 46.6965 40.2383 0 0
1315 44.7634 39.9784 0 0
1316 46.4225 38.3380 0 0
1317 23.2965 72.6361 0 0
1318 21.6941 71.9359 0 0
1319 23.1954 70.9726 0 0
1320 20.0916 71.2356 0 0
1321 23.0944 69.3090 0 0
1322 18.4892 70.5353 0 0
1323 19.9906 69.5720 0 0
1324 19.8895 67.9084 0 0
1325 21.4920 68.6087 0 0
1326 18.2871 67.2081 0 0
1327 19.7885 66.2449 0 0
1328 22.9933 67.6455 0 0
1329 16.8868 69.8350 0 0
1330 15.2844 69.1347 0 0
1331 16.7857 68.1714 0 0
1332 22.8923 65.9819 0 0
1333 21.2898 65.2816 0 0
1334 22.7912 64.3183 0 0
1335 72.6398 23.2881 0 0
1336 70.9762 23.1871 0 0
1337 71.9431 21.6773 0 0
1338 69.3126 23.0860 0 0
1339 71.2464 20.0665 0 0
1340 67.6491 22.9849 0 0
1341 68.6160 21.4752 0 0
1342 67.9193 19.8644 0 0
1343 69.5829 19.9654 0 0
1344 66.2558 19.7633 0 0
1345 67.2226 18.2535 0 0
1346 70.5498 18.4557 0 0
1347 65.9855 22.8839 0 0
1348 64.3220 22.7828 0 0
1349 65.2889 21.2730 0 0
1350 69.8531 16.8448 0 0
1351 68.1895 16.7438 0 0
1352 69.1564 15.2340 0 0
