2 0 -1.23e+04
3 0 -1.23e+04
162 0 -1.23e+04
163 0 -1.23e+04
164 0 -1.23e+04
165 0 -1.23e+04
166 0 -1.23e+04
167 0 -1.23e+04
168 0 -1.23e+04
169 0 -1.23e+04
170 0 -1.23e+04
171 0 -1.23e+04
172 0 -1.23e+04
173 0 -1.23e+04
174 0 -1.23e+04
175 0 -1.23e+04
176 0 -1.23e+04
177 0 -1.23e+04
178 0 -1.23e+04
179 0 -1.23e+04
180 0 -1.23e+04
181 0 -1.23e+04
182 0 -1.23e+04
183 0 -1.23e+04
184 0 -1.23e+04
185 0 -1.23e+04
186 0 -1.23e+04
187 0 -1.23e+04
188 0 -1.23e+04
189 0 -1.23e+04
190 0 -1.23e+04
191 0 -1.23e+04
192 0 -1.23e+04
193 0 -1.23e+04
194 0 -1.23e+04
195 0 -1.23e+04
196 0 -1.23e+04
197 0 -1.23e+04
198 0 -1.23e+04
199 0 -1.23e+04
200 0 -1.23e+04
201 0 -1.23e+04
202 0 -1.23e+04
203 0 -1.23e+04
204 0 -1.23e+04
205 0 -1.23e+04
206 0 -1.23e+04
207 0 -1.23e+04
208 0 -1.23e+04
209 0 -1.23e+04
210 0 -1.23e+04
211 0 -1.23e+04
212 0 -1.23e+04
213 0 -1.23e+04
214 0 -1.23e+04
215 0 -1.23e+04
216 0 -1.23e+04
217 0 -1.23e+04
218 0 -1.23e+04
219 0 -1.23e+04
220 0 -1.23e+04
221 0 -1.23e+04
222 0 -1.23e+04
223 0 -1.23e+04
224 0 -1.23e+04
225 0 -1.23e+04
226 0 -1.23e+04
227 0 -1.23e+04
228 0 -1.23e+04
229 0 -1.23e+04
230 0 -1.23e+04
231 0 -1.23e+04
232 0 -1.23e+04
233 0 -1.23e+04
234 0 -1.23e+04
235 0 -1.23e+04
236 0 -1.23e+04
237 0 -1.23e+04
238 0 -1.23e+04
239 0 -1.23e+04
240 0 -1.23e+04
