0 3 0 140 388 390
1 3 0 388 389 390
2 3 0 388 194 389
3 3 0 390 389 196
4 3 0 194 391 389
5 3 0 391 392 389
6 3 0 391 195 392
7 3 0 389 392 196
8 3 0 194 393 391
9 3 0 393 394 391
10 3 0 393 168 394
11 3 0 391 394 195
12 3 0 196 392 396
13 3 0 392 395 396
14 3 0 392 195 395
15 3 0 396 395 159
16 3 0 148 397 399
17 3 0 397 398 399
18 3 0 397 197 398
19 3 0 399 398 198
20 3 0 197 400 398
21 3 0 400 401 398
22 3 0 400 195 401
23 3 0 398 401 198
24 3 0 197 402 400
25 3 0 402 395 400
26 3 0 402 159 395
27 3 0 400 395 195
28 3 0 198 401 403
29 3 0 401 394 403
30 3 0 401 195 394
31 3 0 403 394 168
32 3 0 108 109 405
33 3 0 109 404 405
34 3 0 109 110 404
35 3 0 405 404 200
36 3 0 110 406 404
37 3 0 406 407 404
38 3 0 406 199 407
39 3 0 404 407 200
40 3 0 110 111 406
41 3 0 111 408 406
42 3 0 111 112 408
43 3 0 406 408 199
44 3 0 200 407 410
45 3 0 407 409 410
46 3 0 407 199 409
47 3 0 410 409 151
48 3 0 30 31 412
49 3 0 31 411 412
50 3 0 31 32 411
51 3 0 412 411 202
52 3 0 32 413 411
53 3 0 413 414 411
54 3 0 413 201 414
55 3 0 411 414 202
56 3 0 32 33 413
57 3 0 33 415 413
58 3 0 33 34 415
59 3 0 413 415 201
60 3 0 202 414 417
61 3 0 414 416 417
62 3 0 414 201 416
63 3 0 417 416 150
64 3 0 38 39 419
65 3 0 39 418 419
66 3 0 39 40 418
67 3 0 419 418 203
68 3 0 40 420 418
69 3 0 420 421 418
70 3 0 420 43 421
71 3 0 418 421 203
72 3 0 40 41 420
73 3 0 41 42 420
74 3 0 41 1 42
75 3 0 420 42 43
76 3 0 203 421 422
77 3 0 421 44 422
78 3 0 421 43 44
79 3 0 422 44 45
80 3 0 104 423 103
81 3 0 423 424 103
82 3 0 423 204 424
83 3 0 103 424 102
84 3 0 204 425 424
85 3 0 425 426 424
86 3 0 425 99 426
87 3 0 424 426 102
88 3 0 204 427 425
89 3 0 427 98 425
90 3 0 427 97 98
91 3 0 425 98 99
92 3 0 102 426 101
93 3 0 426 100 101
94 3 0 426 99 100
95 3 0 101 100 2
96 3 0 18 19 429
97 3 0 19 428 429
98 3 0 19 20 428
99 3 0 429 428 206
100 3 0 20 430 428
101 3 0 430 431 428
102 3 0 430 205 431
103 3 0 428 431 206
104 3 0 20 21 430
105 3 0 21 432 430
106 3 0 21 22 432
107 3 0 430 432 205
108 3 0 206 431 434
109 3 0 431 433 434
110 3 0 431 205 433
111 3 0 434 433 153
112 3 0 120 121 436
113 3 0 121 435 436
114 3 0 121 122 435
115 3 0 436 435 208
116 3 0 122 437 435
117 3 0 437 438 435
118 3 0 437 207 438
119 3 0 435 438 208
120 3 0 122 123 437
121 3 0 123 439 437
122 3 0 123 124 439
123 3 0 437 439 207
124 3 0 208 438 441
125 3 0 438 440 441
126 3 0 438 207 440
127 3 0 441 440 152
128 3 0 77 78 443
129 3 0 78 442 443
130 3 0 78 79 442
131 3 0 443 442 210
132 3 0 79 444 442
133 3 0 444 445 442
134 3 0 444 209 445
135 3 0 442 445 210
136 3 0 79 80 444
137 3 0 80 446 444
138 3 0 80 81 446
139 3 0 444 446 209
140 3 0 210 445 448
141 3 0 445 447 448
142 3 0 445 209 447
143 3 0 448 447 154
144 3 0 61 62 450
145 3 0 62 449 450
146 3 0 62 63 449
147 3 0 450 449 212
148 3 0 63 451 449
149 3 0 451 452 449
150 3 0 451 211 452
151 3 0 449 452 212
152 3 0 63 64 451
153 3 0 64 453 451
154 3 0 64 65 453
155 3 0 451 453 211
156 3 0 212 452 455
157 3 0 452 454 455
158 3 0 452 211 454
159 3 0 455 454 155
160 3 0 108 405 457
161 3 0 405 456 457
162 3 0 405 200 456
163 3 0 457 456 214
164 3 0 200 458 456
165 3 0 458 459 456
166 3 0 458 213 459
167 3 0 456 459 214
168 3 0 200 410 458
169 3 0 410 460 458
170 3 0 410 151 460
171 3 0 458 460 213
172 3 0 214 459 462
173 3 0 459 461 462
174 3 0 459 213 461
175 3 0 462 461 188
176 3 0 34 463 415
177 3 0 463 464 415
178 3 0 463 215 464
179 3 0 415 464 201
180 3 0 215 465 464
181 3 0 465 466 464
182 3 0 465 216 466
183 3 0 464 466 201
184 3 0 215 467 465
185 3 0 467 468 465
186 3 0 467 189 468
187 3 0 465 468 216
188 3 0 201 466 416
189 3 0 466 469 416
190 3 0 466 216 469
191 3 0 416 469 150
192 3 0 149 470 472
193 3 0 470 471 472
194 3 0 470 217 471
195 3 0 472 471 219
196 3 0 217 473 471
197 3 0 473 474 471
198 3 0 473 218 474
199 3 0 471 474 219
200 3 0 217 475 473
201 3 0 475 476 473
202 3 0 475 167 476
203 3 0 473 476 218
204 3 0 219 474 478
205 3 0 474 477 478
206 3 0 474 218 477
207 3 0 478 477 168
208 3 0 148 399 480
209 3 0 399 479 480
210 3 0 399 198 479
211 3 0 480 479 220
212 3 0 198 481 479
213 3 0 481 482 479
214 3 0 481 218 482
215 3 0 479 482 220
216 3 0 198 403 481
217 3 0 403 477 481
218 3 0 403 168 477
219 3 0 481 477 218
220 3 0 220 482 483
221 3 0 482 476 483
222 3 0 482 218 476
223 3 0 483 476 167
224 3 0 18 429 485
225 3 0 429 484 485
226 3 0 429 206 484
227 3 0 485 484 222
228 3 0 206 486 484
229 3 0 486 487 484
230 3 0 486 221 487
231 3 0 484 487 222
232 3 0 206 434 486
233 3 0 434 488 486
234 3 0 434 153 488
235 3 0 486 488 221
236 3 0 222 487 490
237 3 0 487 489 490
238 3 0 487 221 489
239 3 0 490 489 179
240 3 0 124 491 439
241 3 0 491 492 439
242 3 0 491 223 492
243 3 0 439 492 207
244 3 0 223 493 492
245 3 0 493 494 492
246 3 0 493 224 494
247 3 0 492 494 207
248 3 0 223 495 493
249 3 0 495 496 493
250 3 0 495 178 496
251 3 0 493 496 224
252 3 0 207 494 440
253 3 0 494 497 440
254 3 0 494 224 497
255 3 0 440 497 152
256 3 0 22 498 432
257 3 0 498 499 432
258 3 0 498 225 499
259 3 0 432 499 205
260 3 0 225 500 499
261 3 0 500 501 499
262 3 0 500 226 501
263 3 0 499 501 205
264 3 0 225 502 500
265 3 0 502 503 500
266 3 0 502 161 503
267 3 0 500 503 226
268 3 0 205 501 433
269 3 0 501 504 433
270 3 0 501 226 504
271 3 0 433 504 153
272 3 0 120 436 506
273 3 0 436 505 506
274 3 0 436 208 505
275 3 0 506 505 228
276 3 0 208 507 505
277 3 0 507 508 505
278 3 0 507 227 508
279 3 0 505 508 228
280 3 0 208 441 507
281 3 0 441 509 507
282 3 0 441 152 509
283 3 0 507 509 227
284 3 0 228 508 511
285 3 0 508 510 511
286 3 0 508 227 510
287 3 0 511 510 160
288 3 0 177 512 514
289 3 0 512 513 514
290 3 0 512 229 513
291 3 0 514 513 231
292 3 0 229 515 513
293 3 0 515 516 513
294 3 0 515 230 516
295 3 0 513 516 231
296 3 0 229 517 515
297 3 0 517 518 515
298 3 0 517 147 518
299 3 0 515 518 230
300 3 0 231 516 520
301 3 0 516 519 520
302 3 0 516 230 519
303 3 0 520 519 191
304 3 0 176 521 523
305 3 0 521 522 523
306 3 0 521 232 522
307 3 0 523 522 234
308 3 0 232 524 522
309 3 0 524 525 522
310 3 0 524 233 525
311 3 0 522 525 234
312 3 0 232 526 524
313 3 0 526 527 524
314 3 0 526 192 527
315 3 0 524 527 233
316 3 0 234 525 529
317 3 0 525 528 529
318 3 0 525 233 528
319 3 0 529 528 146
320 3 0 10 11 531
321 3 0 11 530 531
322 3 0 11 12 530
323 3 0 531 530 236
324 3 0 12 532 530
325 3 0 532 533 530
326 3 0 532 235 533
327 3 0 530 533 236
328 3 0 12 13 532
329 3 0 13 534 532
330 3 0 13 14 534
331 3 0 532 534 235
332 3 0 236 533 536
333 3 0 533 535 536
334 3 0 533 235 535
335 3 0 536 535 157
336 3 0 128 129 538
337 3 0 129 537 538
338 3 0 129 130 537
339 3 0 538 537 238
340 3 0 130 539 537
341 3 0 539 540 537
342 3 0 539 237 540
343 3 0 537 540 238
344 3 0 130 131 539
345 3 0 131 541 539
346 3 0 131 132 541
347 3 0 539 541 237
348 3 0 238 540 543
349 3 0 540 542 543
350 3 0 540 237 542
351 3 0 543 542 158
352 3 0 191 519 545
353 3 0 519 544 545
354 3 0 519 230 544
355 3 0 545 544 240
356 3 0 230 546 544
357 3 0 546 547 544
358 3 0 546 239 547
359 3 0 544 547 240
360 3 0 230 518 546
361 3 0 518 548 546
362 3 0 518 147 548
363 3 0 546 548 239
364 3 0 240 547 550
365 3 0 547 549 550
366 3 0 547 239 549
367 3 0 550 549 160
368 3 0 192 551 527
369 3 0 551 552 527
370 3 0 551 241 552
371 3 0 527 552 233
372 3 0 241 553 552
373 3 0 553 554 552
374 3 0 553 242 554
375 3 0 552 554 233
376 3 0 241 555 553
377 3 0 555 556 553
378 3 0 555 161 556
379 3 0 553 556 242
380 3 0 233 554 528
381 3 0 554 557 528
382 3 0 554 242 557
383 3 0 528 557 146
384 3 0 144 558 560
385 3 0 558 559 560
386 3 0 558 243 559
387 3 0 560 559 244
388 3 0 243 561 559
389 3 0 561 562 559
390 3 0 561 221 562
391 3 0 559 562 244
392 3 0 243 563 561
393 3 0 563 489 561
394 3 0 563 179 489
395 3 0 561 489 221
396 3 0 244 562 564
397 3 0 562 488 564
398 3 0 562 221 488
399 3 0 564 488 153
400 3 0 145 565 567
401 3 0 565 566 567
402 3 0 565 245 566
403 3 0 567 566 246
404 3 0 245 568 566
405 3 0 568 569 566
406 3 0 568 224 569
407 3 0 566 569 246
408 3 0 245 570 568
409 3 0 570 497 568
410 3 0 570 152 497
411 3 0 568 497 224
412 3 0 246 569 571
413 3 0 569 496 571
414 3 0 569 224 496
415 3 0 571 496 178
416 3 0 81 572 446
417 3 0 572 573 446
418 3 0 572 247 573
419 3 0 446 573 209
420 3 0 247 574 573
421 3 0 574 575 573
422 3 0 574 248 575
423 3 0 573 575 209
424 3 0 247 576 574
425 3 0 576 577 574
426 3 0 576 164 577
427 3 0 574 577 248
428 3 0 209 575 447
429 3 0 575 578 447
430 3 0 575 248 578
431 3 0 447 578 154
432 3 0 61 450 580
433 3 0 450 579 580
434 3 0 450 212 579
435 3 0 580 579 250
436 3 0 212 581 579
437 3 0 581 582 579
438 3 0 581 249 582
439 3 0 579 582 250
440 3 0 212 455 581
441 3 0 455 583 581
442 3 0 455 155 583
443 3 0 581 583 249
444 3 0 250 582 585
445 3 0 582 584 585
446 3 0 582 249 584
447 3 0 585 584 165
448 3 0 144 586 588
449 3 0 586 587 588
450 3 0 586 251 587
451 3 0 588 587 253
452 3 0 251 589 587
453 3 0 589 590 587
454 3 0 589 252 590
455 3 0 587 590 253
456 3 0 251 591 589
457 3 0 591 592 589
458 3 0 591 163 592
459 3 0 589 592 252
460 3 0 253 590 594
461 3 0 590 593 594
462 3 0 590 252 593
463 3 0 594 593 157
464 3 0 77 443 596
465 3 0 443 595 596
466 3 0 443 210 595
467 3 0 596 595 255
468 3 0 210 597 595
469 3 0 597 598 595
470 3 0 597 254 598
471 3 0 595 598 255
472 3 0 210 448 597
473 3 0 448 599 597
474 3 0 448 154 599
475 3 0 597 599 254
476 3 0 255 598 601
477 3 0 598 600 601
478 3 0 598 254 600
479 3 0 601 600 169
480 3 0 143 602 604
481 3 0 602 603 604
482 3 0 602 256 603
483 3 0 604 603 257
484 3 0 256 605 603
485 3 0 605 606 603
486 3 0 605 252 606
487 3 0 603 606 257
488 3 0 256 607 605
489 3 0 607 593 605
490 3 0 607 157 593
491 3 0 605 593 252
492 3 0 257 606 608
493 3 0 606 592 608
494 3 0 606 252 592
495 3 0 608 592 163
496 3 0 65 609 453
497 3 0 609 610 453
498 3 0 609 258 610
499 3 0 453 610 211
500 3 0 258 611 610
501 3 0 611 612 610
502 3 0 611 259 612
503 3 0 610 612 211
504 3 0 258 613 611
505 3 0 613 614 611
506 3 0 613 182 614
507 3 0 611 614 259
508 3 0 211 612 454
509 3 0 612 615 454
510 3 0 612 259 615
511 3 0 454 615 155
512 3 0 53 616 618
513 3 0 616 617 618
514 3 0 616 260 617
515 3 0 618 617 262
516 3 0 260 619 617
517 3 0 619 620 617
518 3 0 619 261 620
519 3 0 617 620 262
520 3 0 260 621 619
521 3 0 621 622 619
522 3 0 621 172 622
523 3 0 619 622 261
524 3 0 262 620 624
525 3 0 620 623 624
526 3 0 620 261 623
527 3 0 624 623 150
528 3 0 89 625 627
529 3 0 625 626 627
530 3 0 625 263 626
531 3 0 627 626 265
532 3 0 263 628 626
533 3 0 628 629 626
534 3 0 628 264 629
535 3 0 626 629 265
536 3 0 263 630 628
537 3 0 630 631 628
538 3 0 630 151 631
539 3 0 628 631 264
540 3 0 265 629 633
541 3 0 629 632 633
542 3 0 629 264 632
543 3 0 633 632 173
544 3 0 53 618 635
545 3 0 618 634 635
546 3 0 618 262 634
547 3 0 635 634 266
548 3 0 262 636 634
549 3 0 636 637 634
550 3 0 636 216 637
551 3 0 634 637 266
552 3 0 262 624 636
553 3 0 624 469 636
554 3 0 624 150 469
555 3 0 636 469 216
556 3 0 266 637 638
557 3 0 637 468 638
558 3 0 637 216 468
559 3 0 638 468 189
560 3 0 89 639 625
561 3 0 639 640 625
562 3 0 639 267 640
563 3 0 625 640 263
564 3 0 267 641 640
565 3 0 641 642 640
566 3 0 641 213 642
567 3 0 640 642 263
568 3 0 267 643 641
569 3 0 643 461 641
570 3 0 643 188 461
571 3 0 641 461 213
572 3 0 263 642 630
573 3 0 642 460 630
574 3 0 642 213 460
575 3 0 630 460 151
576 3 0 155 615 645
577 3 0 615 644 645
578 3 0 615 259 644
579 3 0 645 644 269
580 3 0 259 646 644
581 3 0 646 647 644
582 3 0 646 268 647
583 3 0 644 647 269
584 3 0 259 614 646
585 3 0 614 648 646
586 3 0 614 182 648
587 3 0 646 648 268
588 3 0 269 647 650
589 3 0 647 649 650
590 3 0 647 268 649
591 3 0 650 649 187
592 3 0 145 651 653
593 3 0 651 652 653
594 3 0 651 270 652
595 3 0 653 652 272
596 3 0 270 654 652
597 3 0 654 655 652
598 3 0 654 271 655
599 3 0 652 655 272
600 3 0 270 656 654
601 3 0 656 657 654
602 3 0 656 158 657
603 3 0 654 657 271
604 3 0 272 655 659
605 3 0 655 658 659
606 3 0 655 271 658
607 3 0 659 658 166
608 3 0 146 660 662
609 3 0 660 661 662
610 3 0 660 273 661
611 3 0 662 661 275
612 3 0 273 663 661
613 3 0 663 664 661
614 3 0 663 274 664
615 3 0 661 664 275
616 3 0 273 665 663
617 3 0 665 666 663
618 3 0 665 175 666
619 3 0 663 666 274
620 3 0 275 664 668
621 3 0 664 667 668
622 3 0 664 274 667
623 3 0 668 667 150
624 3 0 147 669 671
625 3 0 669 670 671
626 3 0 669 276 670
627 3 0 671 670 278
628 3 0 276 672 670
629 3 0 672 673 670
630 3 0 672 277 673
631 3 0 670 673 278
632 3 0 276 674 672
633 3 0 674 675 672
634 3 0 674 151 675
635 3 0 672 675 277
636 3 0 278 673 677
637 3 0 673 676 677
638 3 0 673 277 676
639 3 0 677 676 174
640 3 0 143 678 680
641 3 0 678 679 680
642 3 0 678 279 679
643 3 0 680 679 280
644 3 0 279 681 679
645 3 0 681 682 679
646 3 0 681 271 682
647 3 0 679 682 280
648 3 0 279 683 681
649 3 0 683 658 681
650 3 0 683 166 658
651 3 0 681 658 271
652 3 0 280 682 684
653 3 0 682 657 684
654 3 0 682 271 657
655 3 0 684 657 158
656 3 0 149 685 687
657 3 0 685 686 687
658 3 0 685 281 686
659 3 0 687 686 282
660 3 0 281 688 686
661 3 0 688 689 686
662 3 0 688 268 689
663 3 0 686 689 282
664 3 0 281 690 688
665 3 0 690 649 688
666 3 0 690 187 649
667 3 0 688 649 268
668 3 0 282 689 691
669 3 0 689 648 691
670 3 0 689 268 648
671 3 0 691 648 182
672 3 0 22 23 498
673 3 0 23 692 498
674 3 0 23 24 692
675 3 0 498 692 225
676 3 0 24 693 692
677 3 0 693 694 692
678 3 0 693 283 694
679 3 0 692 694 225
680 3 0 24 25 693
681 3 0 25 695 693
682 3 0 25 26 695
683 3 0 693 695 283
684 3 0 225 694 502
685 3 0 694 696 502
686 3 0 694 283 696
687 3 0 502 696 161
688 3 0 116 117 698
689 3 0 117 697 698
690 3 0 117 118 697
691 3 0 698 697 284
692 3 0 118 699 697
693 3 0 699 700 697
694 3 0 699 228 700
695 3 0 697 700 284
696 3 0 118 119 699
697 3 0 119 506 699
698 3 0 119 120 506
699 3 0 699 506 228
700 3 0 284 700 701
701 3 0 700 511 701
702 3 0 700 228 511
703 3 0 701 511 160
704 3 0 140 702 704
705 3 0 702 703 704
706 3 0 702 285 703
707 3 0 704 703 287
708 3 0 285 705 703
709 3 0 705 706 703
710 3 0 705 286 706
711 3 0 703 706 287
712 3 0 285 707 705
713 3 0 707 708 705
714 3 0 707 166 708
715 3 0 705 708 286
716 3 0 287 706 710
717 3 0 706 709 710
718 3 0 706 286 709
719 3 0 710 709 163
720 3 0 146 662 712
721 3 0 662 711 712
722 3 0 662 275 711
723 3 0 712 711 288
724 3 0 275 713 711
725 3 0 713 714 711
726 3 0 713 261 714
727 3 0 711 714 288
728 3 0 275 668 713
729 3 0 668 623 713
730 3 0 668 150 623
731 3 0 713 623 261
732 3 0 288 714 715
733 3 0 714 622 715
734 3 0 714 261 622
735 3 0 715 622 172
736 3 0 147 716 669
737 3 0 716 717 669
738 3 0 716 289 717
739 3 0 669 717 276
740 3 0 289 718 717
741 3 0 718 719 717
742 3 0 718 264 719
743 3 0 717 719 276
744 3 0 289 720 718
745 3 0 720 632 718
746 3 0 720 173 632
747 3 0 718 632 264
748 3 0 276 719 674
749 3 0 719 631 674
750 3 0 719 264 631
751 3 0 674 631 151
752 3 0 30 412 722
753 3 0 412 721 722
754 3 0 412 202 721
755 3 0 722 721 290
756 3 0 202 723 721
757 3 0 723 724 721
758 3 0 723 274 724
759 3 0 721 724 290
760 3 0 202 417 723
761 3 0 417 667 723
762 3 0 417 150 667
763 3 0 723 667 274
764 3 0 290 724 725
765 3 0 724 666 725
766 3 0 724 274 666
767 3 0 725 666 175
768 3 0 112 726 408
769 3 0 726 727 408
770 3 0 726 291 727
771 3 0 408 727 199
772 3 0 291 728 727
773 3 0 728 729 727
774 3 0 728 277 729
775 3 0 727 729 199
776 3 0 291 730 728
777 3 0 730 676 728
778 3 0 730 174 676
779 3 0 728 676 277
780 3 0 199 729 409
781 3 0 729 675 409
782 3 0 729 277 675
783 3 0 409 675 151
784 3 0 155 645 732
785 3 0 645 731 732
786 3 0 645 269 731
787 3 0 732 731 293
788 3 0 269 733 731
789 3 0 733 734 731
790 3 0 733 292 734
791 3 0 731 734 293
792 3 0 269 650 733
793 3 0 650 735 733
794 3 0 650 187 735
795 3 0 733 735 292
796 3 0 293 734 737
797 3 0 734 736 737
798 3 0 734 292 736
799 3 0 737 736 176
800 3 0 144 560 739
801 3 0 560 738 739
802 3 0 560 244 738
803 3 0 739 738 295
804 3 0 244 740 738
805 3 0 740 741 738
806 3 0 740 294 741
807 3 0 738 741 295
808 3 0 244 564 740
809 3 0 564 742 740
810 3 0 564 153 742
811 3 0 740 742 294
812 3 0 295 741 744
813 3 0 741 743 744
814 3 0 741 294 743
815 3 0 744 743 181
816 3 0 145 567 651
817 3 0 567 745 651
818 3 0 567 246 745
819 3 0 651 745 270
820 3 0 246 746 745
821 3 0 746 747 745
822 3 0 746 296 747
823 3 0 745 747 270
824 3 0 246 571 746
825 3 0 571 748 746
826 3 0 571 178 748
827 3 0 746 748 296
828 3 0 270 747 656
829 3 0 747 749 656
830 3 0 747 296 749
831 3 0 656 749 158
832 3 0 144 588 558
833 3 0 588 750 558
834 3 0 588 253 750
835 3 0 558 750 243
836 3 0 253 751 750
837 3 0 751 752 750
838 3 0 751 297 752
839 3 0 750 752 243
840 3 0 253 594 751
841 3 0 594 753 751
842 3 0 594 157 753
843 3 0 751 753 297
844 3 0 243 752 563
845 3 0 752 754 563
846 3 0 752 297 754
847 3 0 563 754 179
848 3 0 34 35 756
849 3 0 35 755 756
850 3 0 35 36 755
851 3 0 756 755 299
852 3 0 36 757 755
853 3 0 757 758 755
854 3 0 757 298 758
855 3 0 755 758 299
856 3 0 36 37 757
857 3 0 37 759 757
858 3 0 37 38 759
859 3 0 757 759 298
860 3 0 299 758 761
861 3 0 758 760 761
862 3 0 758 298 760
863 3 0 761 760 171
864 3 0 104 105 763
865 3 0 105 762 763
866 3 0 105 106 762
867 3 0 763 762 301
868 3 0 106 764 762
869 3 0 764 765 762
870 3 0 764 300 765
871 3 0 762 765 301
872 3 0 106 107 764
873 3 0 107 766 764
874 3 0 107 108 766
875 3 0 764 766 300
876 3 0 301 765 768
877 3 0 765 767 768
878 3 0 765 300 767
879 3 0 768 767 170
880 3 0 140 769 388
881 3 0 769 770 388
882 3 0 769 302 770
883 3 0 388 770 194
884 3 0 302 771 770
885 3 0 771 772 770
886 3 0 771 303 772
887 3 0 770 772 194
888 3 0 302 773 771
889 3 0 773 774 771
890 3 0 773 156 774
891 3 0 771 774 303
892 3 0 194 772 393
893 3 0 772 775 393
894 3 0 772 303 775
895 3 0 393 775 168
896 3 0 141 776 778
897 3 0 776 777 778
898 3 0 776 304 777
899 3 0 778 777 306
900 3 0 304 779 777
901 3 0 779 780 777
902 3 0 779 305 780
903 3 0 777 780 306
904 3 0 304 781 779
905 3 0 781 782 779
906 3 0 781 154 782
907 3 0 779 782 305
908 3 0 306 780 784
909 3 0 780 783 784
910 3 0 780 305 783
911 3 0 784 783 177
912 3 0 145 785 565
913 3 0 785 786 565
914 3 0 785 307 786
915 3 0 565 786 245
916 3 0 307 787 786
917 3 0 787 788 786
918 3 0 787 308 788
919 3 0 786 788 245
920 3 0 307 789 787
921 3 0 789 790 787
922 3 0 789 183 790
923 3 0 787 790 308
924 3 0 245 788 570
925 3 0 788 791 570
926 3 0 788 308 791
927 3 0 570 791 152
928 3 0 142 792 794
929 3 0 792 793 794
930 3 0 792 309 793
931 3 0 794 793 310
932 3 0 309 795 793
933 3 0 795 796 793
934 3 0 795 292 796
935 3 0 793 796 310
936 3 0 309 797 795
937 3 0 797 736 795
938 3 0 797 176 736
939 3 0 795 736 292
940 3 0 310 796 798
941 3 0 796 735 798
942 3 0 796 292 735
943 3 0 798 735 187
944 3 0 128 538 800
945 3 0 538 799 800
946 3 0 538 238 799
947 3 0 800 799 311
948 3 0 238 801 799
949 3 0 801 802 799
950 3 0 801 296 802
951 3 0 799 802 311
952 3 0 238 543 801
953 3 0 543 749 801
954 3 0 543 158 749
955 3 0 801 749 296
956 3 0 311 802 803
957 3 0 802 748 803
958 3 0 802 296 748
959 3 0 803 748 178
960 3 0 14 804 534
961 3 0 804 805 534
962 3 0 804 312 805
963 3 0 534 805 235
964 3 0 312 806 805
965 3 0 806 807 805
966 3 0 806 297 807
967 3 0 805 807 235
968 3 0 312 808 806
969 3 0 808 754 806
970 3 0 808 179 754
971 3 0 806 754 297
972 3 0 235 807 535
973 3 0 807 753 535
974 3 0 807 297 753
975 3 0 535 753 157
976 3 0 148 809 397
977 3 0 809 810 397
978 3 0 809 313 810
979 3 0 397 810 197
980 3 0 313 811 810
981 3 0 811 812 810
982 3 0 811 314 812
983 3 0 810 812 197
984 3 0 313 813 811
985 3 0 813 814 811
986 3 0 813 180 814
987 3 0 811 814 314
988 3 0 197 812 402
989 3 0 812 815 402
990 3 0 812 314 815
991 3 0 402 815 159
992 3 0 141 816 818
993 3 0 816 817 818
994 3 0 816 315 817
995 3 0 818 817 316
996 3 0 315 819 817
997 3 0 819 820 817
998 3 0 819 314 820
999 3 0 817 820 316
1000 3 0 315 821 819
1001 3 0 821 815 819
1002 3 0 821 159 815
1003 3 0 819 815 314
1004 3 0 316 820 822
1005 3 0 820 814 822
1006 3 0 820 314 814
1007 3 0 822 814 180
1008 3 0 149 472 824
1009 3 0 472 823 824
1010 3 0 472 219 823
1011 3 0 824 823 317
1012 3 0 219 825 823
1013 3 0 825 826 823
1014 3 0 825 303 826
1015 3 0 823 826 317
1016 3 0 219 478 825
1017 3 0 478 775 825
1018 3 0 478 168 775
1019 3 0 825 775 303
1020 3 0 317 826 827
1021 3 0 826 774 827
1022 3 0 826 303 774
1023 3 0 827 774 156
1024 3 0 141 818 776
1025 3 0 818 828 776
1026 3 0 818 316 828
1027 3 0 776 828 304
1028 3 0 316 829 828
1029 3 0 829 830 828
1030 3 0 829 318 830
1031 3 0 828 830 304
1032 3 0 316 822 829
1033 3 0 822 831 829
1034 3 0 822 180 831
1035 3 0 829 831 318
1036 3 0 304 830 781
1037 3 0 830 832 781
1038 3 0 830 318 832
1039 3 0 781 832 154
1040 3 0 81 82 572
1041 3 0 82 833 572
1042 3 0 82 83 833
1043 3 0 572 833 247
1044 3 0 83 834 833
1045 3 0 834 835 833
1046 3 0 834 319 835
1047 3 0 833 835 247
1048 3 0 83 84 834
1049 3 0 84 836 834
1050 3 0 84 85 836
1051 3 0 834 836 319
1052 3 0 247 835 576
1053 3 0 835 837 576
1054 3 0 835 319 837
1055 3 0 576 837 164
1056 3 0 57 58 839
1057 3 0 58 838 839
1058 3 0 58 59 838
1059 3 0 839 838 320
1060 3 0 59 840 838
1061 3 0 840 841 838
1062 3 0 840 250 841
1063 3 0 838 841 320
1064 3 0 59 60 840
1065 3 0 60 580 840
1066 3 0 60 61 580
1067 3 0 840 580 250
1068 3 0 320 841 842
1069 3 0 841 585 842
1070 3 0 841 250 585
1071 3 0 842 585 165
1072 3 0 149 824 685
1073 3 0 824 843 685
1074 3 0 824 317 843
1075 3 0 685 843 281
1076 3 0 317 844 843
1077 3 0 844 845 843
1078 3 0 844 321 845
1079 3 0 843 845 281
1080 3 0 317 827 844
1081 3 0 827 846 844
1082 3 0 827 156 846
1083 3 0 844 846 321
1084 3 0 281 845 690
1085 3 0 845 847 690
1086 3 0 845 321 847
1087 3 0 690 847 187
1088 3 0 142 794 849
1089 3 0 794 848 849
1090 3 0 794 310 848
1091 3 0 849 848 322
1092 3 0 310 850 848
1093 3 0 850 851 848
1094 3 0 850 321 851
1095 3 0 848 851 322
1096 3 0 310 798 850
1097 3 0 798 847 850
1098 3 0 798 187 847
1099 3 0 850 847 321
1100 3 0 322 851 852
1101 3 0 851 846 852
1102 3 0 851 321 846
1103 3 0 852 846 156
1104 3 0 143 604 678
1105 3 0 604 853 678
1106 3 0 604 257 853
1107 3 0 678 853 279
1108 3 0 257 854 853
1109 3 0 854 855 853
1110 3 0 854 286 855
1111 3 0 853 855 279
1112 3 0 257 608 854
1113 3 0 608 709 854
1114 3 0 608 163 709
1115 3 0 854 709 286
1116 3 0 279 855 683
1117 3 0 855 708 683
1118 3 0 855 286 708
1119 3 0 683 708 166
1120 3 0 69 70 857
1121 3 0 70 856 857
1122 3 0 70 71 856
1123 3 0 857 856 324
1124 3 0 71 858 856
1125 3 0 858 859 856
1126 3 0 858 323 859
1127 3 0 856 859 324
1128 3 0 71 72 858
1129 3 0 72 860 858
1130 3 0 72 73 860
1131 3 0 858 860 323
1132 3 0 324 859 862
1133 3 0 859 861 862
1134 3 0 859 323 861
1135 3 0 862 861 167
1136 3 0 143 863 602
1137 3 0 863 864 602
1138 3 0 863 325 864
1139 3 0 602 864 256
1140 3 0 325 865 864
1141 3 0 865 866 864
1142 3 0 865 326 866
1143 3 0 864 866 256
1144 3 0 325 867 865
1145 3 0 867 868 865
1146 3 0 867 184 868
1147 3 0 865 868 326
1148 3 0 256 866 607
1149 3 0 866 869 607
1150 3 0 866 326 869
1151 3 0 607 869 157
1152 3 0 143 680 871
1153 3 0 680 870 871
1154 3 0 680 280 870
1155 3 0 871 870 328
1156 3 0 280 872 870
1157 3 0 872 873 870
1158 3 0 872 327 873
1159 3 0 870 873 328
1160 3 0 280 684 872
1161 3 0 684 874 872
1162 3 0 684 158 874
1163 3 0 872 874 327
1164 3 0 328 873 876
1165 3 0 873 875 876
1166 3 0 873 327 875
1167 3 0 876 875 185
1168 3 0 6 877 879
1169 3 0 877 878 879
1170 3 0 877 329 878
1171 3 0 879 878 331
1172 3 0 329 880 878
1173 3 0 880 881 878
1174 3 0 880 330 881
1175 3 0 878 881 331
1176 3 0 329 882 880
1177 3 0 882 883 880
1178 3 0 882 184 883
1179 3 0 880 883 330
1180 3 0 331 881 885
1181 3 0 881 884 885
1182 3 0 881 330 884
1183 3 0 885 884 162
1184 3 0 136 886 888
1185 3 0 886 887 888
1186 3 0 886 332 887
1187 3 0 888 887 334
1188 3 0 332 889 887
1189 3 0 889 890 887
1190 3 0 889 333 890
1191 3 0 887 890 334
1192 3 0 332 891 889
1193 3 0 891 892 889
1194 3 0 891 162 892
1195 3 0 889 892 333
1196 3 0 334 890 894
1197 3 0 890 893 894
1198 3 0 890 333 893
1199 3 0 894 893 185
1200 3 0 6 7 877
1201 3 0 7 895 877
1202 3 0 7 8 895
1203 3 0 877 895 329
1204 3 0 8 896 895
1205 3 0 896 897 895
1206 3 0 896 335 897
1207 3 0 895 897 329
1208 3 0 8 9 896
1209 3 0 9 898 896
1210 3 0 9 10 898
1211 3 0 896 898 335
1212 3 0 329 897 882
1213 3 0 897 899 882
1214 3 0 897 335 899
1215 3 0 882 899 184
1216 3 0 132 133 901
1217 3 0 133 900 901
1218 3 0 133 134 900
1219 3 0 901 900 336
1220 3 0 134 902 900
1221 3 0 902 903 900
1222 3 0 902 334 903
1223 3 0 900 903 336
1224 3 0 134 135 902
1225 3 0 135 888 902
1226 3 0 135 136 888
1227 3 0 902 888 334
1228 3 0 336 903 904
1229 3 0 903 894 904
1230 3 0 903 334 894
1231 3 0 904 894 185
1232 3 0 147 671 548
1233 3 0 671 905 548
1234 3 0 671 278 905
1235 3 0 548 905 239
1236 3 0 278 906 905
1237 3 0 906 907 905
1238 3 0 906 337 907
1239 3 0 905 907 239
1240 3 0 278 677 906
1241 3 0 677 908 906
1242 3 0 677 174 908
1243 3 0 906 908 337
1244 3 0 239 907 549
1245 3 0 907 909 549
1246 3 0 907 337 909
1247 3 0 549 909 160
1248 3 0 146 557 660
1249 3 0 557 910 660
1250 3 0 557 242 910
1251 3 0 660 910 273
1252 3 0 242 911 910
1253 3 0 911 912 910
1254 3 0 911 338 912
1255 3 0 910 912 273
1256 3 0 242 556 911
1257 3 0 556 913 911
1258 3 0 556 161 913
1259 3 0 911 913 338
1260 3 0 273 912 665
1261 3 0 912 914 665
1262 3 0 912 338 914
1263 3 0 665 914 175
1264 3 0 10 531 898
1265 3 0 531 915 898
1266 3 0 531 236 915
1267 3 0 898 915 335
1268 3 0 236 916 915
1269 3 0 916 917 915
1270 3 0 916 326 917
1271 3 0 915 917 335
1272 3 0 236 536 916
1273 3 0 536 869 916
1274 3 0 536 157 869
1275 3 0 916 869 326
1276 3 0 335 917 899
1277 3 0 917 868 899
1278 3 0 917 326 868
1279 3 0 899 868 184
1280 3 0 132 901 541
1281 3 0 901 918 541
1282 3 0 901 336 918
1283 3 0 541 918 237
1284 3 0 336 919 918
1285 3 0 919 920 918
1286 3 0 919 327 920
1287 3 0 918 920 237
1288 3 0 336 904 919
1289 3 0 904 875 919
1290 3 0 904 185 875
1291 3 0 919 875 327
1292 3 0 237 920 542
1293 3 0 920 874 542
1294 3 0 920 327 874
1295 3 0 542 874 158
1296 3 0 73 921 860
1297 3 0 921 922 860
1298 3 0 921 339 922
1299 3 0 860 922 323
1300 3 0 339 923 922
1301 3 0 923 924 922
1302 3 0 923 340 924
1303 3 0 922 924 323
1304 3 0 339 925 923
1305 3 0 925 926 923
1306 3 0 925 169 926
1307 3 0 923 926 340
1308 3 0 323 924 861
1309 3 0 924 927 861
1310 3 0 924 340 927
1311 3 0 861 927 167
1312 3 0 154 832 599
1313 3 0 832 928 599
1314 3 0 832 318 928
1315 3 0 599 928 254
1316 3 0 318 929 928
1317 3 0 929 930 928
1318 3 0 929 341 930
1319 3 0 928 930 254
1320 3 0 318 831 929
1321 3 0 831 931 929
1322 3 0 831 180 931
1323 3 0 929 931 341
1324 3 0 254 930 600
1325 3 0 930 932 600
1326 3 0 930 341 932
1327 3 0 600 932 169
1328 3 0 116 698 934
1329 3 0 698 933 934
1330 3 0 698 284 933
1331 3 0 934 933 342
1332 3 0 284 935 933
1333 3 0 935 936 933
1334 3 0 935 337 936
1335 3 0 933 936 342
1336 3 0 284 701 935
1337 3 0 701 909 935
1338 3 0 701 160 909
1339 3 0 935 909 337
1340 3 0 342 936 937
1341 3 0 936 908 937
1342 3 0 936 337 908
1343 3 0 937 908 174
1344 3 0 26 938 695
1345 3 0 938 939 695
1346 3 0 938 343 939
1347 3 0 695 939 283
1348 3 0 343 940 939
1349 3 0 940 941 939
1350 3 0 940 338 941
1351 3 0 939 941 283
1352 3 0 343 942 940
1353 3 0 942 914 940
1354 3 0 942 175 914
1355 3 0 940 914 338
1356 3 0 283 941 696
1357 3 0 941 913 696
1358 3 0 941 338 913
1359 3 0 696 913 161
1360 3 0 93 94 944
1361 3 0 94 943 944
1362 3 0 94 95 943
1363 3 0 944 943 345
1364 3 0 95 945 943
1365 3 0 945 946 943
1366 3 0 945 344 946
1367 3 0 943 946 345
1368 3 0 95 96 945
1369 3 0 96 947 945
1370 3 0 96 97 947
1371 3 0 945 947 344
1372 3 0 345 946 949
1373 3 0 946 948 949
1374 3 0 946 344 948
1375 3 0 949 948 170
1376 3 0 45 46 951
1377 3 0 46 950 951
1378 3 0 46 47 950
1379 3 0 951 950 347
1380 3 0 47 952 950
1381 3 0 952 953 950
1382 3 0 952 346 953
1383 3 0 950 953 347
1384 3 0 47 48 952
1385 3 0 48 954 952
1386 3 0 48 49 954
1387 3 0 952 954 346
1388 3 0 347 953 956
1389 3 0 953 955 956
1390 3 0 953 346 955
1391 3 0 956 955 171
1392 3 0 53 54 616
1393 3 0 54 957 616
1394 3 0 54 55 957
1395 3 0 616 957 260
1396 3 0 55 958 957
1397 3 0 958 959 957
1398 3 0 958 348 959
1399 3 0 957 959 260
1400 3 0 55 56 958
1401 3 0 56 960 958
1402 3 0 56 57 960
1403 3 0 958 960 348
1404 3 0 260 959 621
1405 3 0 959 961 621
1406 3 0 959 348 961
1407 3 0 621 961 172
1408 3 0 85 86 963
1409 3 0 86 962 963
1410 3 0 86 87 962
1411 3 0 963 962 349
1412 3 0 87 964 962
1413 3 0 964 965 962
1414 3 0 964 265 965
1415 3 0 962 965 349
1416 3 0 87 88 964
1417 3 0 88 627 964
1418 3 0 88 89 627
1419 3 0 964 627 265
1420 3 0 349 965 966
1421 3 0 965 633 966
1422 3 0 965 265 633
1423 3 0 966 633 173
1424 3 0 149 687 470
1425 3 0 687 967 470
1426 3 0 687 282 967
1427 3 0 470 967 217
1428 3 0 282 968 967
1429 3 0 968 969 967
1430 3 0 968 350 969
1431 3 0 967 969 217
1432 3 0 282 691 968
1433 3 0 691 970 968
1434 3 0 691 182 970
1435 3 0 968 970 350
1436 3 0 217 969 475
1437 3 0 969 971 475
1438 3 0 969 350 971
1439 3 0 475 971 167
1440 3 0 148 480 973
1441 3 0 480 972 973
1442 3 0 480 220 972
1443 3 0 973 972 351
1444 3 0 220 974 972
1445 3 0 974 975 972
1446 3 0 974 340 975
1447 3 0 972 975 351
1448 3 0 220 483 974
1449 3 0 483 927 974
1450 3 0 483 167 927
1451 3 0 974 927 340
1452 3 0 351 975 976
1453 3 0 975 926 976
1454 3 0 975 340 926
1455 3 0 976 926 169
1456 3 0 140 977 769
1457 3 0 977 978 769
1458 3 0 977 352 978
1459 3 0 769 978 302
1460 3 0 352 979 978
1461 3 0 979 980 978
1462 3 0 979 353 980
1463 3 0 978 980 302
1464 3 0 352 981 979
1465 3 0 981 982 979
1466 3 0 981 186 982
1467 3 0 979 982 353
1468 3 0 302 980 773
1469 3 0 980 983 773
1470 3 0 980 353 983
1471 3 0 773 983 156
1472 3 0 142 849 985
1473 3 0 849 984 985
1474 3 0 849 322 984
1475 3 0 985 984 355
1476 3 0 322 986 984
1477 3 0 986 987 984
1478 3 0 986 354 987
1479 3 0 984 987 355
1480 3 0 322 852 986
1481 3 0 852 988 986
1482 3 0 852 156 988
1483 3 0 986 988 354
1484 3 0 355 987 990
1485 3 0 987 989 990
1486 3 0 987 354 989
1487 3 0 990 989 181
1488 3 0 140 390 992
1489 3 0 390 991 992
1490 3 0 390 196 991
1491 3 0 992 991 357
1492 3 0 196 993 991
1493 3 0 993 994 991
1494 3 0 993 356 994
1495 3 0 991 994 357
1496 3 0 196 396 993
1497 3 0 396 995 993
1498 3 0 396 159 995
1499 3 0 993 995 356
1500 3 0 357 994 997
1501 3 0 994 996 997
1502 3 0 994 356 996
1503 3 0 997 996 190
1504 3 0 89 90 639
1505 3 0 90 998 639
1506 3 0 90 91 998
1507 3 0 639 998 267
1508 3 0 91 999 998
1509 3 0 999 1000 998
1510 3 0 999 358 1000
1511 3 0 998 1000 267
1512 3 0 91 92 999
1513 3 0 92 1001 999
1514 3 0 92 93 1001
1515 3 0 999 1001 358
1516 3 0 267 1000 643
1517 3 0 1000 1002 643
1518 3 0 1000 358 1002
1519 3 0 643 1002 188
1520 3 0 49 50 1004
1521 3 0 50 1003 1004
1522 3 0 50 51 1003
1523 3 0 1004 1003 359
1524 3 0 51 1005 1003
1525 3 0 1005 1006 1003
1526 3 0 1005 266 1006
1527 3 0 1003 1006 359
1528 3 0 51 52 1005
1529 3 0 52 635 1005
1530 3 0 52 53 635
1531 3 0 1005 635 266
1532 3 0 359 1006 1007
1533 3 0 1006 638 1007
1534 3 0 1006 266 638
1535 3 0 1007 638 189
1536 3 0 145 1008 785
1537 3 0 1008 1009 785
1538 3 0 1008 360 1009
1539 3 0 785 1009 307
1540 3 0 360 1010 1009
1541 3 0 1010 1011 1009
1542 3 0 1010 361 1011
1543 3 0 1009 1011 307
1544 3 0 360 1012 1010
1545 3 0 1012 1013 1010
1546 3 0 1012 190 1013
1547 3 0 1010 1013 361
1548 3 0 307 1011 789
1549 3 0 1011 1014 789
1550 3 0 1011 361 1014
1551 3 0 789 1014 183
1552 3 0 141 1015 816
1553 3 0 1015 1016 816
1554 3 0 1015 362 1016
1555 3 0 816 1016 315
1556 3 0 362 1017 1016
1557 3 0 1017 1018 1016
1558 3 0 1017 363 1018
1559 3 0 1016 1018 315
1560 3 0 362 1019 1017
1561 3 0 1019 1020 1017
1562 3 0 1019 183 1020
1563 3 0 1017 1020 363
1564 3 0 315 1018 821
1565 3 0 1018 1021 821
1566 3 0 1018 363 1021
1567 3 0 821 1021 159
1568 3 0 73 74 921
1569 3 0 74 1022 921
1570 3 0 74 75 1022
1571 3 0 921 1022 339
1572 3 0 75 1023 1022
1573 3 0 1023 1024 1022
1574 3 0 1023 255 1024
1575 3 0 1022 1024 339
1576 3 0 75 76 1023
1577 3 0 76 596 1023
1578 3 0 76 77 596
1579 3 0 1023 596 255
1580 3 0 339 1024 925
1581 3 0 1024 601 925
1582 3 0 1024 255 601
1583 3 0 925 601 169
1584 3 0 108 457 766
1585 3 0 457 1025 766
1586 3 0 457 214 1025
1587 3 0 766 1025 300
1588 3 0 214 1026 1025
1589 3 0 1026 1027 1025
1590 3 0 1026 364 1027
1591 3 0 1025 1027 300
1592 3 0 214 462 1026
1593 3 0 462 1028 1026
1594 3 0 462 188 1028
1595 3 0 1026 1028 364
1596 3 0 300 1027 767
1597 3 0 1027 1029 767
1598 3 0 1027 364 1029
1599 3 0 767 1029 170
1600 3 0 34 756 463
1601 3 0 756 1030 463
1602 3 0 756 299 1030
1603 3 0 463 1030 215
1604 3 0 299 1031 1030
1605 3 0 1031 1032 1030
1606 3 0 1031 365 1032
1607 3 0 1030 1032 215
1608 3 0 299 761 1031
1609 3 0 761 1033 1031
1610 3 0 761 171 1033
1611 3 0 1031 1033 365
1612 3 0 215 1032 467
1613 3 0 1032 1034 467
1614 3 0 1032 365 1034
1615 3 0 467 1034 189
1616 3 0 154 578 782
1617 3 0 578 1035 782
1618 3 0 578 248 1035
1619 3 0 782 1035 305
1620 3 0 248 1036 1035
1621 3 0 1036 1037 1035
1622 3 0 1036 366 1037
1623 3 0 1035 1037 305
1624 3 0 248 577 1036
1625 3 0 577 1038 1036
1626 3 0 577 164 1038
1627 3 0 1036 1038 366
1628 3 0 305 1037 783
1629 3 0 1037 1039 783
1630 3 0 1037 366 1039
1631 3 0 783 1039 177
1632 3 0 155 732 583
1633 3 0 732 1040 583
1634 3 0 732 293 1040
1635 3 0 583 1040 249
1636 3 0 293 1041 1040
1637 3 0 1041 1042 1040
1638 3 0 1041 367 1042
1639 3 0 1040 1042 249
1640 3 0 293 737 1041
1641 3 0 737 1043 1041
1642 3 0 737 176 1043
1643 3 0 1041 1043 367
1644 3 0 249 1042 584
1645 3 0 1042 1044 584
1646 3 0 1042 367 1044
1647 3 0 584 1044 165
1648 3 0 69 857 1046
1649 3 0 857 1045 1046
1650 3 0 857 324 1045
1651 3 0 1046 1045 368
1652 3 0 324 1047 1045
1653 3 0 1047 1048 1045
1654 3 0 1047 350 1048
1655 3 0 1045 1048 368
1656 3 0 324 862 1047
1657 3 0 862 971 1047
1658 3 0 862 167 971
1659 3 0 1047 971 350
1660 3 0 368 1048 1049
1661 3 0 1048 970 1049
1662 3 0 1048 350 970
1663 3 0 1049 970 182
1664 3 0 159 1021 995
1665 3 0 1021 1050 995
1666 3 0 1021 363 1050
1667 3 0 995 1050 356
1668 3 0 363 1051 1050
1669 3 0 1051 1052 1050
1670 3 0 1051 361 1052
1671 3 0 1050 1052 356
1672 3 0 363 1020 1051
1673 3 0 1020 1014 1051
1674 3 0 1020 183 1014
1675 3 0 1051 1014 361
1676 3 0 356 1052 996
1677 3 0 1052 1013 996
1678 3 0 1052 361 1013
1679 3 0 996 1013 190
1680 3 0 143 871 1054
1681 3 0 871 1053 1054
1682 3 0 871 328 1053
1683 3 0 1054 1053 369
1684 3 0 328 1055 1053
1685 3 0 1055 1056 1053
1686 3 0 1055 333 1056
1687 3 0 1053 1056 369
1688 3 0 328 876 1055
1689 3 0 876 893 1055
1690 3 0 876 185 893
1691 3 0 1055 893 333
1692 3 0 369 1056 1057
1693 3 0 1056 892 1057
1694 3 0 1056 333 892
1695 3 0 1057 892 162
1696 3 0 143 1054 863
1697 3 0 1054 1058 863
1698 3 0 1054 369 1058
1699 3 0 863 1058 325
1700 3 0 369 1059 1058
1701 3 0 1059 1060 1058
1702 3 0 1059 330 1060
1703 3 0 1058 1060 325
1704 3 0 369 1057 1059
1705 3 0 1057 884 1059
1706 3 0 1057 162 884
1707 3 0 1059 884 330
1708 3 0 325 1060 867
1709 3 0 1060 883 867
1710 3 0 1060 330 883
1711 3 0 867 883 184
1712 3 0 153 1061 742
1713 3 0 1061 1062 742
1714 3 0 1061 370 1062
1715 3 0 742 1062 294
1716 3 0 370 1063 1062
1717 3 0 1063 1064 1062
1718 3 0 1063 371 1064
1719 3 0 1062 1064 294
1720 3 0 370 1065 1063
1721 3 0 1065 1066 1063
1722 3 0 1065 192 1066
1723 3 0 1063 1066 371
1724 3 0 294 1064 743
1725 3 0 1064 1067 743
1726 3 0 1064 371 1067
1727 3 0 743 1067 181
1728 3 0 85 963 836
1729 3 0 963 1068 836
1730 3 0 963 349 1068
1731 3 0 836 1068 319
1732 3 0 349 1069 1068
1733 3 0 1069 1070 1068
1734 3 0 1069 372 1070
1735 3 0 1068 1070 319
1736 3 0 349 966 1069
1737 3 0 966 1071 1069
1738 3 0 966 173 1071
1739 3 0 1069 1071 372
1740 3 0 319 1070 837
1741 3 0 1070 1072 837
1742 3 0 1070 372 1072
1743 3 0 837 1072 164
1744 3 0 57 839 960
1745 3 0 839 1073 960
1746 3 0 839 320 1073
1747 3 0 960 1073 348
1748 3 0 320 1074 1073
1749 3 0 1074 1075 1073
1750 3 0 1074 373 1075
1751 3 0 1073 1075 348
1752 3 0 320 842 1074
1753 3 0 842 1076 1074
1754 3 0 842 165 1076
1755 3 0 1074 1076 373
1756 3 0 348 1075 961
1757 3 0 1075 1077 961
1758 3 0 1075 373 1077
1759 3 0 961 1077 172
1760 3 0 140 992 702
1761 3 0 992 1078 702
1762 3 0 992 357 1078
1763 3 0 702 1078 285
1764 3 0 357 1079 1078
1765 3 0 1079 1080 1078
1766 3 0 1079 374 1080
1767 3 0 1078 1080 285
1768 3 0 357 997 1079
1769 3 0 997 1081 1079
1770 3 0 997 190 1081
1771 3 0 1079 1081 374
1772 3 0 285 1080 707
1773 3 0 1080 1082 707
1774 3 0 1080 374 1082
1775 3 0 707 1082 166
1776 3 0 142 985 1084
1777 3 0 985 1083 1084
1778 3 0 985 355 1083
1779 3 0 1084 1083 375
1780 3 0 355 1085 1083
1781 3 0 1085 1086 1083
1782 3 0 1085 371 1086
1783 3 0 1083 1086 375
1784 3 0 355 990 1085
1785 3 0 990 1067 1085
1786 3 0 990 181 1067
1787 3 0 1085 1067 371
1788 3 0 375 1086 1087
1789 3 0 1086 1066 1087
1790 3 0 1086 371 1066
1791 3 0 1087 1066 192
1792 3 0 97 427 947
1793 3 0 427 1088 947
1794 3 0 427 204 1088
1795 3 0 947 1088 344
1796 3 0 204 1089 1088
1797 3 0 1089 1090 1088
1798 3 0 1089 301 1090
1799 3 0 1088 1090 344
1800 3 0 204 423 1089
1801 3 0 423 763 1089
1802 3 0 423 104 763
1803 3 0 1089 763 301
1804 3 0 344 1090 948
1805 3 0 1090 768 948
1806 3 0 1090 301 768
1807 3 0 948 768 170
1808 3 0 38 419 759
1809 3 0 419 1091 759
1810 3 0 419 203 1091
1811 3 0 759 1091 298
1812 3 0 203 1092 1091
1813 3 0 1092 1093 1091
1814 3 0 1092 347 1093
1815 3 0 1091 1093 298
1816 3 0 203 422 1092
1817 3 0 422 951 1092
1818 3 0 422 45 951
1819 3 0 1092 951 347
1820 3 0 298 1093 760
1821 3 0 1093 956 760
1822 3 0 1093 347 956
1823 3 0 760 956 171
1824 3 0 148 973 809
1825 3 0 973 1094 809
1826 3 0 973 351 1094
1827 3 0 809 1094 313
1828 3 0 351 1095 1094
1829 3 0 1095 1096 1094
1830 3 0 1095 341 1096
1831 3 0 1094 1096 313
1832 3 0 351 976 1095
1833 3 0 976 932 1095
1834 3 0 976 169 932
1835 3 0 1095 932 341
1836 3 0 313 1096 813
1837 3 0 1096 931 813
1838 3 0 1096 341 931
1839 3 0 813 931 180
1840 3 0 147 1097 716
1841 3 0 1097 1098 716
1842 3 0 1097 376 1098
1843 3 0 716 1098 289
1844 3 0 376 1099 1098
1845 3 0 1099 1100 1098
1846 3 0 1099 372 1100
1847 3 0 1098 1100 289
1848 3 0 376 1101 1099
1849 3 0 1101 1072 1099
1850 3 0 1101 164 1072
1851 3 0 1099 1072 372
1852 3 0 289 1100 720
1853 3 0 1100 1071 720
1854 3 0 1100 372 1071
1855 3 0 720 1071 173
1856 3 0 146 712 1103
1857 3 0 712 1102 1103
1858 3 0 712 288 1102
1859 3 0 1103 1102 377
1860 3 0 288 1104 1102
1861 3 0 1104 1105 1102
1862 3 0 1104 373 1105
1863 3 0 1102 1105 377
1864 3 0 288 715 1104
1865 3 0 715 1077 1104
1866 3 0 715 172 1077
1867 3 0 1104 1077 373
1868 3 0 377 1105 1106
1869 3 0 1105 1076 1106
1870 3 0 1105 373 1076
1871 3 0 1106 1076 165
1872 3 0 112 113 726
1873 3 0 113 1107 726
1874 3 0 113 114 1107
1875 3 0 726 1107 291
1876 3 0 114 1108 1107
1877 3 0 1108 1109 1107
1878 3 0 1108 342 1109
1879 3 0 1107 1109 291
1880 3 0 114 115 1108
1881 3 0 115 934 1108
1882 3 0 115 116 934
1883 3 0 1108 934 342
1884 3 0 291 1109 730
1885 3 0 1109 937 730
1886 3 0 1109 342 937
1887 3 0 730 937 174
1888 3 0 26 27 938
1889 3 0 27 1110 938
1890 3 0 27 28 1110
1891 3 0 938 1110 343
1892 3 0 28 1111 1110
1893 3 0 1111 1112 1110
1894 3 0 1111 290 1112
1895 3 0 1110 1112 343
1896 3 0 28 29 1111
1897 3 0 29 722 1111
1898 3 0 29 30 722
1899 3 0 1111 722 290
1900 3 0 343 1112 942
1901 3 0 1112 725 942
1902 3 0 1112 290 725
1903 3 0 942 725 175
1904 3 0 124 125 491
1905 3 0 125 1113 491
1906 3 0 125 126 1113
1907 3 0 491 1113 223
1908 3 0 126 1114 1113
1909 3 0 1114 1115 1113
1910 3 0 1114 311 1115
1911 3 0 1113 1115 223
1912 3 0 126 127 1114
1913 3 0 127 800 1114
1914 3 0 127 128 800
1915 3 0 1114 800 311
1916 3 0 223 1115 495
1917 3 0 1115 803 495
1918 3 0 1115 311 803
1919 3 0 495 803 178
1920 3 0 14 15 804
1921 3 0 15 1116 804
1922 3 0 15 16 1116
1923 3 0 804 1116 312
1924 3 0 16 1117 1116
1925 3 0 1117 1118 1116
1926 3 0 1117 222 1118
1927 3 0 1116 1118 312
1928 3 0 16 17 1117
1929 3 0 17 485 1117
1930 3 0 17 18 485
1931 3 0 1117 485 222
1932 3 0 312 1118 808
1933 3 0 1118 490 808
1934 3 0 1118 222 490
1935 3 0 808 490 179
1936 3 0 140 704 977
1937 3 0 704 1119 977
1938 3 0 704 287 1119
1939 3 0 977 1119 352
1940 3 0 287 1120 1119
1941 3 0 1120 1121 1119
1942 3 0 1120 378 1121
1943 3 0 1119 1121 352
1944 3 0 287 710 1120
1945 3 0 710 1122 1120
1946 3 0 710 163 1122
1947 3 0 1120 1122 378
1948 3 0 352 1121 981
1949 3 0 1121 1123 981
1950 3 0 1121 378 1123
1951 3 0 981 1123 186
1952 3 0 147 517 1097
1953 3 0 517 1124 1097
1954 3 0 517 229 1124
1955 3 0 1097 1124 376
1956 3 0 229 1125 1124
1957 3 0 1125 1126 1124
1958 3 0 1125 366 1126
1959 3 0 1124 1126 376
1960 3 0 229 512 1125
1961 3 0 512 1039 1125
1962 3 0 512 177 1039
1963 3 0 1125 1039 366
1964 3 0 376 1126 1101
1965 3 0 1126 1038 1101
1966 3 0 1126 366 1038
1967 3 0 1101 1038 164
1968 3 0 146 1103 529
1969 3 0 1103 1127 529
1970 3 0 1103 377 1127
1971 3 0 529 1127 234
1972 3 0 377 1128 1127
1973 3 0 1128 1129 1127
1974 3 0 1128 367 1129
1975 3 0 1127 1129 234
1976 3 0 377 1106 1128
1977 3 0 1106 1044 1128
1978 3 0 1106 165 1044
1979 3 0 1128 1044 367
1980 3 0 234 1129 523
1981 3 0 1129 1043 523
1982 3 0 1129 367 1043
1983 3 0 523 1043 176
1984 3 0 65 66 609
1985 3 0 66 1130 609
1986 3 0 66 67 1130
1987 3 0 609 1130 258
1988 3 0 67 1131 1130
1989 3 0 1131 1132 1130
1990 3 0 1131 368 1132
1991 3 0 1130 1132 258
1992 3 0 67 68 1131
1993 3 0 68 1046 1131
1994 3 0 68 69 1046
1995 3 0 1131 1046 368
1996 3 0 258 1132 613
1997 3 0 1132 1049 613
1998 3 0 1132 368 1049
1999 3 0 613 1049 182
2000 3 0 152 791 1134
2001 3 0 791 1133 1134
2002 3 0 791 308 1133
2003 3 0 1134 1133 380
2004 3 0 308 1135 1133
2005 3 0 1135 1136 1133
2006 3 0 1135 379 1136
2007 3 0 1133 1136 380
2008 3 0 308 790 1135
2009 3 0 790 1137 1135
2010 3 0 790 183 1137
2011 3 0 1135 1137 379
2012 3 0 380 1136 1139
2013 3 0 1136 1138 1139
2014 3 0 1136 379 1138
2015 3 0 1139 1138 191
2016 3 0 152 1134 509
2017 3 0 1134 1140 509
2018 3 0 1134 380 1140
2019 3 0 509 1140 227
2020 3 0 380 1141 1140
2021 3 0 1141 1142 1140
2022 3 0 1141 240 1142
2023 3 0 1140 1142 227
2024 3 0 380 1139 1141
2025 3 0 1139 545 1141
2026 3 0 1139 191 545
2027 3 0 1141 545 240
2028 3 0 227 1142 510
2029 3 0 1142 550 510
2030 3 0 1142 240 550
2031 3 0 510 550 160
2032 3 0 153 504 1061
2033 3 0 504 1143 1061
2034 3 0 504 226 1143
2035 3 0 1061 1143 370
2036 3 0 226 1144 1143
2037 3 0 1144 1145 1143
2038 3 0 1144 241 1145
2039 3 0 1143 1145 370
2040 3 0 226 503 1144
2041 3 0 503 555 1144
2042 3 0 503 161 555
2043 3 0 1144 555 241
2044 3 0 370 1145 1065
2045 3 0 1145 551 1065
2046 3 0 1145 241 551
2047 3 0 1065 551 192
2048 3 0 141 1146 1015
2049 3 0 1146 1147 1015
2050 3 0 1146 381 1147
2051 3 0 1015 1147 362
2052 3 0 381 1148 1147
2053 3 0 1148 1149 1147
2054 3 0 1148 379 1149
2055 3 0 1147 1149 362
2056 3 0 381 1150 1148
2057 3 0 1150 1138 1148
2058 3 0 1150 191 1138
2059 3 0 1148 1138 379
2060 3 0 362 1149 1019
2061 3 0 1149 1137 1019
2062 3 0 1149 379 1137
2063 3 0 1019 1137 183
2064 3 0 145 653 1008
2065 3 0 653 1151 1008
2066 3 0 653 272 1151
2067 3 0 1008 1151 360
2068 3 0 272 1152 1151
2069 3 0 1152 1153 1151
2070 3 0 1152 374 1153
2071 3 0 1151 1153 360
2072 3 0 272 659 1152
2073 3 0 659 1082 1152
2074 3 0 659 166 1082
2075 3 0 1152 1082 374
2076 3 0 360 1153 1012
2077 3 0 1153 1081 1012
2078 3 0 1153 374 1081
2079 3 0 1012 1081 190
2080 3 0 144 1154 586
2081 3 0 1154 1155 586
2082 3 0 1154 382 1155
2083 3 0 586 1155 251
2084 3 0 382 1156 1155
2085 3 0 1156 1157 1155
2086 3 0 1156 378 1157
2087 3 0 1155 1157 251
2088 3 0 382 1158 1156
2089 3 0 1158 1123 1156
2090 3 0 1158 186 1123
2091 3 0 1156 1123 378
2092 3 0 251 1157 591
2093 3 0 1157 1122 591
2094 3 0 1157 378 1122
2095 3 0 591 1122 163
2096 3 0 6 879 1160
2097 3 0 879 1159 1160
2098 3 0 879 331 1159
2099 3 0 1160 1159 384
2100 3 0 331 1161 1159
2101 3 0 1161 1162 1159
2102 3 0 1161 383 1162
2103 3 0 1159 1162 384
2104 3 0 331 885 1161
2105 3 0 885 1163 1161
2106 3 0 885 162 1163
2107 3 0 1161 1163 383
2108 3 0 384 1162 1165
2109 3 0 1162 1164 1165
2110 3 0 1162 383 1164
2111 3 0 1165 1164 193
2112 3 0 136 1166 886
2113 3 0 1166 1167 886
2114 3 0 1166 385 1167
2115 3 0 886 1167 332
2116 3 0 385 1168 1167
2117 3 0 1168 1169 1167
2118 3 0 1168 383 1169
2119 3 0 1167 1169 332
2120 3 0 385 1170 1168
2121 3 0 1170 1164 1168
2122 3 0 1170 193 1164
2123 3 0 1168 1164 383
2124 3 0 332 1169 891
2125 3 0 1169 1163 891
2126 3 0 1169 383 1163
2127 3 0 891 1163 162
2128 3 0 0 1171 139
2129 3 0 1171 1172 139
2130 3 0 1171 386 1172
2131 3 0 139 1172 138
2132 3 0 386 1173 1172
2133 3 0 1173 1174 1172
2134 3 0 1173 385 1174
2135 3 0 1172 1174 138
2136 3 0 386 1175 1173
2137 3 0 1175 1170 1173
2138 3 0 1175 193 1170
2139 3 0 1173 1170 385
2140 3 0 138 1174 137
2141 3 0 1174 1166 137
2142 3 0 1174 385 1166
2143 3 0 137 1166 136
2144 3 0 0 3 1171
2145 3 0 3 1176 1171
2146 3 0 3 4 1176
2147 3 0 1171 1176 386
2148 3 0 4 1177 1176
2149 3 0 1177 1178 1176
2150 3 0 1177 384 1178
2151 3 0 1176 1178 386
2152 3 0 4 5 1177
2153 3 0 5 1160 1177
2154 3 0 5 6 1160
2155 3 0 1177 1160 384
2156 3 0 386 1178 1175
2157 3 0 1178 1165 1175
2158 3 0 1178 384 1165
2159 3 0 1175 1165 193
2160 3 0 156 983 988
2161 3 0 983 1179 988
2162 3 0 983 353 1179
2163 3 0 988 1179 354
2164 3 0 353 1180 1179
2165 3 0 1180 1181 1179
2166 3 0 1180 387 1181
2167 3 0 1179 1181 354
2168 3 0 353 982 1180
2169 3 0 982 1182 1180
2170 3 0 982 186 1182
2171 3 0 1180 1182 387
2172 3 0 354 1181 989
2173 3 0 1181 1183 989
2174 3 0 1181 387 1183
2175 3 0 989 1183 181
2176 3 0 144 739 1154
2177 3 0 739 1184 1154
2178 3 0 739 295 1184
2179 3 0 1154 1184 382
2180 3 0 295 1185 1184
2181 3 0 1185 1186 1184
2182 3 0 1185 387 1186
2183 3 0 1184 1186 382
2184 3 0 295 744 1185
2185 3 0 744 1183 1185
2186 3 0 744 181 1183
2187 3 0 1185 1183 387
2188 3 0 382 1186 1158
2189 3 0 1186 1182 1158
2190 3 0 1186 387 1182
2191 3 0 1158 1182 186
2192 3 0 141 778 1146
2193 3 0 778 1187 1146
2194 3 0 778 306 1187
2195 3 0 1146 1187 381
2196 3 0 306 1188 1187
2197 3 0 1188 1189 1187
2198 3 0 1188 231 1189
2199 3 0 1187 1189 381
2200 3 0 306 784 1188
2201 3 0 784 514 1188
2202 3 0 784 177 514
2203 3 0 1188 514 231
2204 3 0 381 1189 1150
2205 3 0 1189 520 1150
2206 3 0 1189 231 520
2207 3 0 1150 520 191
2208 3 0 142 1084 792
2209 3 0 1084 1190 792
2210 3 0 1084 375 1190
2211 3 0 792 1190 309
2212 3 0 375 1191 1190
2213 3 0 1191 1192 1190
2214 3 0 1191 232 1192
2215 3 0 1190 1192 309
2216 3 0 375 1087 1191
2217 3 0 1087 526 1191
2218 3 0 1087 192 526
2219 3 0 1191 526 232
2220 3 0 309 1192 797
2221 3 0 1192 521 797
2222 3 0 1192 232 521
2223 3 0 797 521 176
2224 3 0 93 944 1001
2225 3 0 944 1193 1001
2226 3 0 944 345 1193
2227 3 0 1001 1193 358
2228 3 0 345 1194 1193
2229 3 0 1194 1195 1193
2230 3 0 1194 364 1195
2231 3 0 1193 1195 358
2232 3 0 345 949 1194
2233 3 0 949 1029 1194
2234 3 0 949 170 1029
2235 3 0 1194 1029 364
2236 3 0 358 1195 1002
2237 3 0 1195 1028 1002
2238 3 0 1195 364 1028
2239 3 0 1002 1028 188
2240 3 0 49 1004 954
2241 3 0 1004 1196 954
2242 3 0 1004 359 1196
2243 3 0 954 1196 346
2244 3 0 359 1197 1196
2245 3 0 1197 1198 1196
2246 3 0 1197 365 1198
2247 3 0 1196 1198 346
2248 3 0 359 1007 1197
2249 3 0 1007 1034 1197
2250 3 0 1007 189 1034
2251 3 0 1197 1034 365
2252 3 0 346 1198 955
2253 3 0 1198 1033 955
2254 3 0 1198 365 1033
2255 3 0 955 1033 171
