128 1673.170732 0.000000
129 1732.926829 0.000000
2 0.000000 0.000000
130 1792.682927 0.000000
131 1852.439024 0.000000
132 1912.195122 0.000000
133 1971.951220 0.000000
134 2031.707317 0.000000
135 2091.463415 0.000000
136 2151.219512 0.000000
137 2210.975610 0.000000
138 2270.731707 0.000000
139 2330.487805 0.000000
0 2390.243902 0.000000
101 59.756098 0.000000
102 119.512195 0.000000
103 179.268293 0.000000
104 239.024390 0.000000
105 298.780488 0.000000
106 358.536585 0.000000
107 418.292683 0.000000
108 478.048780 0.000000
109 537.804878 0.000000
110 597.560976 0.000000
111 657.317073 0.000000
112 717.073171 0.000000
113 776.829268 0.000000
114 836.585366 0.000000
115 896.341463 0.000000
116 956.097561 0.000000
117 1015.853659 0.000000
118 1075.609756 0.000000
119 1135.365854 0.000000
120 1195.121951 0.000000
121 1254.878049 0.000000
122 1314.634146 0.000000
123 1374.390244 0.000000
124 1434.146341 0.000000
125 1493.902439 0.000000
126 1553.658537 0.000000
127 1613.414634 0.000000
3 -59.756098 0.000000
4 -119.512195 0.000000
5 -179.268293 0.000000
6 -239.024390 0.000000
7 -298.780488 0.000000
8 -358.536585 0.000000
9 -418.292683 0.000000
10 -478.048780 0.000000
11 -537.804878 0.000000
12 -597.560976 0.000000
13 -657.317073 0.000000
14 -717.073171 0.000000
15 -776.829268 0.000000
16 -836.585366 0.000000
17 -896.341463 0.000000
18 -956.097561 0.000000
19 -1015.853659 0.000000
20 -1075.609756 0.000000
21 -1135.365854 0.000000
22 -1195.121951 0.000000
23 -1254.878049 0.000000
24 -1314.634146 0.000000
25 -1374.390244 0.000000
26 -1434.146341 0.000000
27 -1493.902439 0.000000
28 -1553.658537 0.000000
29 -1613.414634 0.000000
30 -1673.170732 0.000000
31 -1732.926829 0.000000
32 -1792.682927 0.000000
33 -1852.439024 0.000000
34 -1912.195122 0.000000
35 -1971.951220 0.000000
36 -2031.707317 0.000000
37 -2091.463415 0.000000
38 -2151.219512 0.000000
39 -2210.975610 0.000000
40 -2270.731707 0.000000
41 -2330.487805 0.000000
