0 0.0000 0.0000 0 0
1 100.0000 0.0000 -1 -1
2 0.0000 100.0000 0 0
3 2.5000 0.0000 0 -1
4 5.0000 0.0000 0 -1
5 7.5000 0.0000 0 -1
6 10.0000 0.0000 0 -1
7 12.5000 0.0000 0 -1
8 15.0000 0.0000 0 -1
9 17.5000 0.0000 0 -1
10 20.0000 0.0000 0 -1
11 22.5000 0.0000 0 -1
12 25.0000 0.0000 0 -1
13 27.5000 0.0000 0 -1
14 30.0000 0.0000 0 -1
15 32.5000 0.0000 0 -1
16 35.0000 0.0000 0 -1
17 37.5000 0.0000 0 -1
18 40.0000 0.0000 0 -1
19 42.5000 0.0000 0 -1
20 45.0000 0.0000 0 -1
21 47.5000 0.0000 0 -1
22 50.0000 0.0000 0 -1
23 52.5000 0.0000 0 -1
24 55.0000 0.0000 0 -1
25 57.5000 0.0000 0 -1
26 60.0000 0.0000 0 -1
27 62.5000 0.0000 0 -1
28 65.0000 0.0000 0 -1
29 67.5000 0.0000 0 -1
30 70.0000 0.0000 0 -1
31 72.5000 0.0000 0 -1
32 75.0000 0.0000 0 -1
33 77.5000 0.0000 0 -1
34 80.0000 0.0000 0 -1
35 82.5000 0.0000 0 -1
36 85.0000 0.0000 0 -1
37 87.5000 0.0000 0 -1
38 90.0000 0.0000 0 -1
39 92.5000 0.0000 0 -1
40 95.0000 0.0000 0 -1
41 97.5000 0.0000 0 -1
42 98.3333 1.6667 0 0
43 96.6667 3.3333 0 0
44 95.0000 5.0000 0 0
45 93.3333 6.6667 0 0
46 91.6667 8.3333 0 0
47 90.0000 10.0000 0 0
48 88.3333 11.6667 0 0
49 86.6667 13.3333 0 0
50 85.0000 15.0000 0 0
51 83.3333 16.6667 0 0
52 81.6667 18.3333 0 0
53 80.0000 20.0000 0 0
54 78.3333 21.6667 0 0
55 76.6667 23.3333 0 0
56 75.0000 25.0000 0 0
57 73.3333 26.6667 0 0
58 71.6667 28.3333 0 0
59 70.0000 30.0000 0 0
60 68.3333 31.6667 0 0
61 66.6667 33.3333 0 0
62 65.0000 35.0000 0 0
63 63.3333 36.6667 0 0
64 61.6667 38.3333 0 0
65 60.0000 40.0000 0 0
66 58.3333 41.6667 0 0
67 56.6667 43.3333 0 0
68 55.0000 45.0000 0 0
69 53.3333 46.6667 0 0
70 51.6667 48.3333 0 0
71 50.0000 50.0000 0 0
72 48.3333 51.6667 0 0
73 46.6667 53.3333 0 0
74 45.0000 55.0000 0 0
75 43.3333 56.6667 0 0
76 41.6667 58.3333 0 0
77 40.0000 60.0000 0 0
78 38.3333 61.6667 0 0
79 36.6667 63.3333 0 0
80 35.0000 65.0000 0 0
81 33.3333 66.6667 0 0
82 31.6667 68.3333 0 0
83 30.0000 70.0000 0 0
84 28.3333 71.6667 0 0
85 26.6667 73.3333 0 0
86 25.0000 75.0000 0 0
87 23.3333 76.6667 0 0
88 21.6667 78.3333 0 0
89 20.0000 80.0000 0 0
90 18.3333 81.6667 0 0
91 16.6667 83.3333 0 0
92 15.0000 85.0000 0 0
93 13.3333 86.6667 0 0
94 11.6667 88.3333 0 0
95 10.0000 90.0000 0 0
96 8.3333 91.6667 0 0
97 6.6667 93.3333 0 0
98 5.0000 95.0000 0 0
99 3.3333 96.6667 0 0
100 1.6667 98.3333 0 0
101 0.0000 97.5000 0 0
102 0.0000 95.0000 0 0
103 0.0000 92.5000 0 0
104 0.0000 90.0000 0 0
105 0.0000 87.5000 0 0
106 0.0000 85.0000 0 0
107 0.0000 82.5000 0 0
108 0.0000 80.0000 0 0
109 0.0000 77.5000 0 0
110 0.0000 75.0000 0 0
111 0.0000 72.5000 0 0
112 0.0000 70.0000 0 0
113 0.0000 67.5000 0 0
114 0.0000 65.0000 0 0
115 0.0000 62.5000 0 0
116 0.0000 60.0000 0 0
117 0.0000 57.5000 0 0
118 0.0000 55.0000 0 0
119 0.0000 52.5000 0 0
120 0.0000 50.0000 0 0
121 0.0000 47.5000 0 0
122 0.0000 45.0000 0 0
123 0.0000 42.5000 0 0
124 0.0000 40.0000 0 0
125 0.0000 37.5000 0 0
126 0.0000 35.0000 0 0
127 0.0000 32.5000 0 0
128 0.0000 30.0000 0 0
129 0.0000 27.5000 0 0
130 0.0000 25.0000 0 0
131 0.0000 22.5000 0 0
132 0.0000 20.0000 0 0
133 0.0000 17.5000 0 0
134 0.0000 15.0000 0 0
135 0.0000 12.5000 0 0
136 0.0000 10.0000 0 0
137 0.0000 7.5000 0 0
138 0.0000 5.0000 0 0
139 0.0000 2.5000 0 0
140 29.4444 29.4444 0 0
141 21.2773 49.1120 0 0
142 49.1120 21.2773 0 0
143 16.6026 16.6773 0 0
144 34.9010 14.8199 0 0
145 14.8199 34.9010 0 0
146 62.4935 14.9071 0 0
147 14.9071 62.4935 0 0
148 35.1404 43.5042 0 0
149 45.3745 34.7099 0 0
150 72.6899 10.0750 0 0
151 10.0750 72.6899 0 0
152 10.0819 45.0887 0 0
153 45.0781 10.1052 0 0
154 29.6277 56.2944 0 0
155 58.3120 30.9403 0 0
156 40.8381 27.0657 0 0
157 25.8077 9.3814 0 0
158 9.8031 25.2141 0 0
159 26.5648 39.6521 0 0
160 7.7248 55.6281 0 0
161 55.6263 7.7286 0 0
162 10.0467 10.0467 0 0
163 26.5580 20.0373 0 0
164 24.3162 64.3162 0 0
165 64.8012 24.1605 0 0
166 19.8735 26.4791 0 0
167 44.0699 43.3817 0 0
168 37.2200 35.1991 0 0
169 37.8151 51.1703 0 0
170 6.0349 86.1022 0 0
171 86.1022 6.0349 0 0
172 70.6636 19.1619 0 0
173 19.1930 70.5666 0 0
174 6.7396 64.7819 0 0
175 64.7818 6.7398 0 0
176 55.8628 22.3732 0 0
177 20.7131 56.9236 0 0
178 6.5668 35.0000 0 0
179 35.0000 6.5668 0 0
180 29.4926 48.2355 0 0
181 42.2409 18.4349 0 0
182 52.0765 38.2109 0 0
183 18.2523 42.0366 0 0
184 17.5925 7.5687 0 0
185 7.5687 17.5925 0 0
186 33.9390 22.0477 0 0
187 50.2626 29.0962 0 0
188 10.0286 80.8074 0 0
189 80.8074 10.0286 0 0
190 22.7335 33.0960 0 0
191 14.5501 51.1865 0 0
192 51.1865 14.5501 0 0
193 5.0464 5.0464 0 0
194 33.3322 32.3218 0 0
195 31.8924 37.4256 0 0
196 28.0046 34.5483 0 0
197 30.8526 41.5781 0 0
198 36.1802 39.3516 0 0
199 5.0375 71.3450 0 0
200 5.0375 76.3450 0 0
201 76.3450 5.0375 0 0
202 71.3450 5.0375 0 0
203 91.6667 3.3333 0 0
204 3.3333 91.6667 0 0
205 47.5391 5.0526 0 0
206 42.5391 5.0526 0 0
207 5.0410 42.5443 0 0
208 5.0410 47.5443 0 0
209 31.4805 61.4805 0 0
210 34.8139 58.1472 0 0
211 59.1560 35.4702 0 0
212 62.4893 32.1368 0 0
213 10.0518 76.7486 0 0
214 5.0143 80.4037 0 0
215 80.4037 5.0143 0 0
216 76.7486 10.0518 0 0
217 44.7222 39.0458 0 0
218 40.6450 39.2904 0 0
219 41.2973 34.9545 0 0
220 39.6051 43.4429 0 0
221 40.0391 8.3360 0 0
222 37.5000 3.2834 0 0
223 3.2834 37.5000 0 0
224 8.3244 40.0443 0 0
225 52.8132 3.8643 0 0
226 50.3522 8.9169 0 0
227 8.9033 50.3584 0 0
228 3.8624 52.8141 0 0
229 17.8101 59.7086 0 0
230 14.7286 56.8400 0 0
231 17.6316 54.0550 0 0
232 53.5246 18.4617 0 0
233 56.8400 14.7286 0 0
234 59.1782 18.6402 0 0
235 27.9039 4.6907 0 0
236 22.9039 4.6907 0 0
237 4.9015 22.6070 0 0
238 4.9015 27.6070 0 0
239 11.3159 59.0608 0 0
240 11.1374 53.4073 0 0
241 53.4064 11.1394 0 0
242 59.0599 11.3179 0 0
243 34.9505 10.6934 0 0
244 39.9896 12.4626 0 0
245 12.4509 39.9948 0 0
246 10.6934 34.9505 0 0
247 28.8248 65.4914 0 0
248 26.9720 60.3053 0 0
249 61.5566 27.5504 0 0
250 65.7339 28.7469 0 0
251 30.7295 17.4286 0 0
252 26.1828 14.7093 0 0
253 30.3544 12.1007 0 0
254 33.7214 53.7324 0 0
255 38.9076 55.5852 0 0
256 21.2051 13.0294 0 0
257 21.5803 18.3573 0 0
258 56.0382 39.1055 0 0
259 55.1942 34.5756 0 0
260 75.3318 19.5809 0 0
261 71.6768 14.6184 0 0
262 76.3450 15.0375 0 0
263 15.0375 76.3450 0 0
264 14.6340 71.6283 0 0
265 19.5965 75.2833 0 0
266 80.4037 15.0143 0 0
267 15.0143 80.4037 0 0
268 51.1696 33.6536 0 0
269 54.2873 30.0183 0 0
270 12.3115 30.0575 0 0
271 14.8383 25.8466 0 0
272 17.3467 30.6900 0 0
273 63.6377 10.8235 0 0
274 68.7359 8.4074 0 0
275 67.5917 12.4911 0 0
276 12.4911 67.5917 0 0
277 8.4073 68.7359 0 0
278 10.8234 63.6377 0 0
279 18.2380 21.5782 0 0
280 13.2028 20.9457 0 0
281 47.8186 31.9031 0 0
282 48.7255 36.4604 0 0
283 57.8132 3.8643 0 0
284 3.8624 57.8141 0 0
285 24.6590 27.9618 0 0
286 23.2157 23.2582 0 0
287 28.0012 24.7409 0 0
288 66.5785 17.0345 0 0
289 17.0501 66.5300 0 0
290 67.3909 3.3699 0 0
291 3.3698 67.3910 0 0
292 53.0627 25.7347 0 0
293 57.0874 26.6568 0 0
294 43.6595 14.2701 0 0
295 38.5709 16.6274 0 0
296 8.1850 30.1070 0 0
297 30.4039 7.9741 0 0
298 88.0511 3.0174 0 0
299 83.0511 3.0174 0 0
300 3.0174 83.0511 0 0
301 3.0174 88.0511 0 0
302 35.1413 28.2551 0 0
303 39.0291 31.1324 0 0
304 25.4525 52.7032 0 0
305 25.1704 56.6090 0 0
306 20.9952 53.0178 0 0
307 16.5361 38.4688 0 0
308 14.1671 43.5626 0 0
309 52.4874 21.8253 0 0
310 49.6873 25.1868 0 0
311 3.2834 32.5000 0 0
312 32.5000 3.2834 0 0
313 32.3165 45.8698 0 0
314 28.0287 43.9438 0 0
315 23.9211 44.3820 0 0
316 25.3850 48.6737 0 0
317 43.1063 30.8878 0 0
318 29.5602 52.2649 0 0
319 25.4914 68.8248 0 0
320 69.0673 25.4136 0 0
321 45.5504 28.0810 0 0
322 44.9750 24.1715 0 0
323 45.3683 48.3575 0 0
324 48.7016 45.0242 0 0
325 17.0975 12.1230 0 0
326 21.7001 8.4750 0 0
327 8.6859 21.4033 0 0
328 12.0856 17.1349 0 0
329 13.7963 3.7843 0 0
330 13.8196 8.8077 0 0
331 10.0233 5.0233 0 0
332 5.0233 10.0233 0 0
333 8.8077 13.8196 0 0
334 3.7843 13.7963 0 0
335 18.7963 3.7843 0 0
336 3.7843 18.7963 0 0
337 7.2322 60.2050 0 0
338 60.2041 7.2342 0 0
339 42.2409 52.2518 0 0
340 40.9425 47.2760 0 0
341 33.6538 49.7029 0 0
342 3.3698 62.3910 0 0
343 62.3909 3.3699 0 0
344 6.3508 89.7178 0 0
345 9.6841 86.3844 0 0
346 86.3844 9.6841 0 0
347 89.7178 6.3508 0 0
348 71.9985 22.9143 0 0
349 22.9298 71.9500 0 0
350 48.0732 40.7963 0 0
351 36.4778 47.3373 0 0
352 31.6917 25.7460 0 0
353 37.3885 24.5567 0 0
354 41.5395 22.7503 0 0
355 45.6764 19.8561 0 0
356 24.6492 36.3740 0 0
357 26.0890 31.2702 0 0
358 11.6810 83.7370 0 0
359 83.7370 11.6810 0 0
360 18.7767 33.9985 0 0
361 20.4929 37.5663 0 0
362 19.7648 45.5743 0 0
363 22.4085 40.8443 0 0
364 8.0317 83.4548 0 0
365 83.4548 8.0317 0 0
366 22.5147 60.6199 0 0
367 60.3320 23.2669 0 0
368 52.7049 42.4388 0 0
369 13.3246 13.3620 0 0
370 48.1323 12.3277 0 0
371 46.7137 16.4925 0 0
372 21.7546 67.4414 0 0
373 67.7324 21.6612 0 0
374 21.3035 29.7876 0 0
375 50.1492 17.9137 0 0
376 19.6117 63.4049 0 0
377 63.6474 19.5338 0 0
378 30.2485 21.0425 0 0
379 16.4012 46.6115 0 0
380 12.3160 48.1376 0 0
381 17.9137 50.1492 0 0
382 34.4200 18.4338 0 0
383 7.5465 7.5465 0 0
384 7.5232 2.5232 0 0
385 2.5232 7.5232 0 0
386 2.5232 2.5232 0 0
387 38.0899 20.2413 0 0
388 31.3883 30.8831 0 0
389 30.6684 33.4350 0 0
390 28.7245 31.9964 0 0
391 32.6123 34.8737 0 0
392 29.9485 35.9869 0 0
393 35.2761 33.7604 0 0
394 34.5562 36.3123 0 0
395 29.2286 38.5388 0 0
396 27.2847 37.1002 0 0
397 32.9965 42.5412 0 0
398 33.5164 40.4649 0 0
399 35.6603 41.4279 0 0
400 31.3725 39.5018 0 0
401 34.0363 38.3886 0 0
402 28.7087 40.6151 0 0
403 36.7001 37.2753 0 0
404 2.5188 75.6725 0 0
405 2.5188 78.1725 0 0
406 2.5188 73.1725 0 0
407 5.0375 73.8450 0 0
408 2.5188 70.6725 0 0
409 7.5563 72.0174 0 0
410 7.5563 74.5174 0 0
411 73.1725 2.5188 0 0
412 70.6725 2.5188 0 0
413 75.6725 2.5188 0 0
414 73.8450 5.0375 0 0
415 78.1725 2.5188 0 0
416 74.5174 7.5563 0 0
417 72.0174 7.5563 0 0
418 93.3333 1.6667 0 0
419 90.8333 1.6667 0 0
420 95.8333 1.6667 0 0
421 94.1667 3.3333 0 0
422 92.5000 5.0000 0 0
423 1.6667 90.8333 0 0
424 1.6667 93.3333 0 0
425 3.3333 94.1667 0 0
426 1.6667 95.8333 0 0
427 5.0000 92.5000 0 0
428 43.7695 2.5263 0 0
429 41.2695 2.5263 0 0
430 46.2695 2.5263 0 0
431 45.0391 5.0526 0 0
432 48.7695 2.5263 0 0
433 46.3086 7.5789 0 0
434 43.8086 7.5789 0 0
435 2.5205 46.2722 0 0
436 2.5205 48.7722 0 0
437 2.5205 43.7722 0 0
438 5.0410 45.0443 0 0
439 2.5205 41.2722 0 0
440 7.5615 43.8165 0 0
441 7.5615 46.3165 0 0
442 35.7403 60.7403 0 0
443 37.4069 59.0736 0 0
444 34.0736 62.4069 0 0
445 33.1472 59.8139 0 0
446 32.4069 64.0736 0 0
447 30.5541 58.8875 0 0
448 32.2208 57.2208 0 0
449 62.9113 34.4018 0 0
450 64.5780 32.7351 0 0
451 61.2447 36.0684 0 0
452 60.8227 33.8035 0 0
453 59.5780 37.7351 0 0
454 58.7340 33.2053 0 0
455 60.4007 31.5386 0 0
456 5.0259 78.3743 0 0
457 2.5071 80.2018 0 0
458 7.5447 76.5468 0 0
459 7.5330 78.5762 0 0
460 10.0634 74.7193 0 0
461 10.0402 78.7780 0 0
462 7.5214 80.6055 0 0
463 80.2018 2.5071 0 0
464 78.3743 5.0259 0 0
465 78.5762 7.5330 0 0
466 76.5468 7.5447 0 0
467 80.6055 7.5214 0 0
468 78.7780 10.0402 0 0
469 74.7193 10.0634 0 0
470 45.0483 36.8778 0 0
471 43.0097 37.0001 0 0
472 43.3359 34.8322 0 0
473 42.6836 39.1681 0 0
474 40.9711 37.1224 0 0
475 44.3960 41.2137 0 0
476 42.3574 41.3360 0 0
477 38.9325 37.2447 0 0
478 39.2587 35.0768 0 0
479 37.8927 41.3973 0 0
480 37.3728 43.4736 0 0
481 38.4126 39.3210 0 0
482 40.1250 41.3666 0 0
483 41.8375 43.4123 0 0
484 40.0195 4.1680 0 0
485 38.7500 1.6417 0 0
486 41.2891 6.6943 0 0
487 38.7695 5.8097 0 0
488 42.5586 9.2206 0 0
489 37.5195 7.4514 0 0
490 36.2500 4.9251 0 0
491 1.6417 38.7500 0 0
492 4.1622 40.0222 0 0
493 5.8039 38.7722 0 0
494 6.6827 41.2943 0 0
495 4.9251 36.2500 0 0
496 7.4456 37.5222 0 0
497 9.2032 42.5665 0 0
498 51.4066 1.9322 0 0
499 50.1761 4.4585 0 0
500 51.5827 6.3906 0 0
501 48.9456 6.9848 0 0
502 54.2198 5.7965 0 0
503 52.9893 8.3228 0 0
504 47.7152 9.5111 0 0
505 4.4517 50.1792 0 0
506 1.9312 51.4070 0 0
507 6.9722 48.9514 0 0
508 6.3829 51.5862 0 0
509 9.4926 47.7235 0 0
510 8.3141 52.9933 0 0
511 5.7936 54.2211 0 0
512 19.2616 58.3161 0 0
513 17.7209 56.8818 0 0
514 19.1724 55.4893 0 0
515 16.2694 58.2743 0 0
516 16.1801 55.4475 0 0
517 16.3586 61.1010 0 0
518 14.8179 59.6667 0 0
519 14.6393 54.0132 0 0
520 16.0908 52.6208 0 0
521 54.6937 20.4174 0 0
522 56.3514 18.5509 0 0
523 57.5205 20.5067 0 0
524 55.1823 16.5951 0 0
525 58.0091 16.6844 0 0
526 52.3555 16.5059 0 0
527 54.0132 14.6393 0 0
528 59.6667 14.8179 0 0
529 60.8358 16.7737 0 0
530 23.9519 2.3454 0 0
531 21.4519 2.3454 0 0
532 26.4519 2.3454 0 0
533 25.4039 4.6907 0 0
534 28.9519 2.3454 0 0
535 26.8558 7.0361 0 0
536 24.3558 7.0361 0 0
537 2.4508 26.3035 0 0
538 2.4508 28.8035 0 0
539 2.4508 23.8035 0 0
540 4.9015 25.1070 0 0
541 2.4508 21.3035 0 0
542 7.3523 23.9106 0 0
543 7.3523 26.4106 0 0
544 12.9330 55.1236 0 0
545 12.8437 52.2969 0 0
546 13.0223 57.9504 0 0
547 11.2267 56.2340 0 0
548 13.1115 60.7772 0 0
549 9.5204 57.3445 0 0
550 9.4311 54.5177 0 0
551 52.2964 12.8447 0 0
552 55.1232 12.9340 0 0
553 56.2332 11.2286 0 0
554 57.9499 13.0232 0 0
555 54.5164 9.4340 0 0
556 57.3431 9.5233 0 0
557 60.7767 13.1125 0 0
558 34.9257 12.7567 0 0
559 37.4700 11.5780 0 0
560 37.4453 13.6413 0 0
561 37.4948 9.5147 0 0
562 40.0143 10.3993 0 0
563 34.9752 8.6301 0 0
564 42.5338 11.2839 0 0
565 13.6354 37.4479 0 0
566 11.5722 37.4727 0 0
567 12.7567 34.9257 0 0
568 10.3877 40.0196 0 0
569 9.5089 37.4974 0 0
570 11.2664 42.5418 0 0
571 8.6301 34.9752 0 0
572 31.0791 66.0791 0 0
573 30.1527 63.4860 0 0
574 27.8984 62.8984 0 0
575 29.2262 60.8929 0 0
576 26.5705 64.9038 0 0
577 25.6441 62.3108 0 0
578 28.2998 58.2998 0 0
579 64.1116 30.4419 0 0
580 66.2003 31.0401 0 0
581 62.0230 29.8436 0 0
582 63.6453 28.1487 0 0
583 59.9343 29.2454 0 0
584 63.1789 25.8555 0 0
585 65.2676 26.4537 0 0
586 32.8152 16.1243 0 0
587 30.5419 14.7646 0 0
588 32.6277 13.4603 0 0
589 28.4562 16.0690 0 0
590 28.2686 13.4050 0 0
591 28.6437 18.7329 0 0
592 26.3704 17.3733 0 0
593 25.9953 12.0454 0 0
594 28.0810 10.7411 0 0
595 36.8607 56.8662 0 0
596 39.4538 57.7926 0 0
597 34.2676 55.9398 0 0
598 36.3145 54.6588 0 0
599 31.6746 55.0134 0 0
600 35.7683 52.4513 0 0
601 38.3613 53.3777 0 0
602 18.9039 14.8533 0 0
603 21.3927 15.6933 0 0
604 19.0914 17.5173 0 0
605 23.6940 13.8694 0 0
606 23.8816 16.5333 0 0
607 23.5064 11.2054 0 0
608 24.0691 19.1973 0 0
609 58.0191 39.5527 0 0
610 57.5971 37.2878 0 0
611 55.6162 36.8405 0 0
612 57.1751 35.0229 0 0
613 54.0573 38.6582 0 0
614 53.6353 36.3933 0 0
615 56.7531 32.7580 0 0
616 77.6659 19.7905 0 0
617 75.8384 17.3092 0 0
618 78.1725 17.5188 0 0
619 73.5043 17.0997 0 0
620 74.0109 14.8280 0 0
621 72.9977 19.3714 0 0
622 71.1702 16.8902 0 0
623 72.1833 12.3467 0 0
624 74.5174 12.5563 0 0
625 17.5188 78.1725 0 0
626 17.3170 75.8141 0 0
627 19.7983 77.6416 0 0
628 14.8358 73.9866 0 0
629 17.1153 73.4558 0 0
630 12.5563 74.5174 0 0
631 12.3545 72.1591 0 0
632 16.9135 71.0974 0 0
633 19.3948 72.9249 0 0
634 78.3743 15.0259 0 0
635 80.2018 17.5071 0 0
636 76.5468 12.5447 0 0
637 78.5762 12.5330 0 0
638 80.6055 12.5214 0 0
639 17.5071 80.2018 0 0
640 15.0259 78.3743 0 0
641 12.5330 78.5762 0 0
642 12.5447 76.5468 0 0
643 12.5214 80.6055 0 0
644 54.7408 32.2970 0 0
645 56.2997 30.4793 0 0
646 53.1819 34.1146 0 0
647 52.7284 31.8359 0 0
648 51.6230 35.9322 0 0
649 50.7161 31.3749 0 0
650 52.2750 29.5573 0 0
651 13.5657 32.4793 0 0
652 14.8291 30.3738 0 0
653 16.0833 32.7955 0 0
654 13.5749 27.9521 0 0
655 16.0925 28.2683 0 0
656 11.0573 27.6358 0 0
657 12.3207 25.5303 0 0
658 17.3559 26.1628 0 0
659 18.6101 28.5846 0 0
660 63.0656 12.8653 0 0
661 65.6147 11.6573 0 0
662 65.0426 13.6991 0 0
663 66.1868 9.6155 0 0
664 68.1638 10.4492 0 0
665 64.2098 8.7817 0 0
666 66.7589 7.5736 0 0
667 70.7129 9.2412 0 0
668 70.1408 11.2830 0 0
669 13.6991 65.0426 0 0
670 11.6572 65.6147 0 0
671 12.8653 63.0656 0 0
672 10.4492 68.1638 0 0
673 9.6153 66.1868 0 0
674 11.2830 70.1408 0 0
675 9.2412 70.7129 0 0
676 7.5735 66.7589 0 0
677 8.7815 64.2098 0 0
678 17.4203 19.1278 0 0
679 15.7204 21.2619 0 0
680 14.9027 18.8115 0 0
681 16.5382 23.7124 0 0
682 14.0205 23.3961 0 0
683 19.0558 24.0287 0 0
684 11.5029 23.0799 0 0
685 46.5965 33.3065 0 0
686 48.2720 34.1817 0 0
687 47.0500 35.5852 0 0
688 49.4941 32.7783 0 0
689 49.9475 35.0570 0 0
690 49.0406 30.4997 0 0
691 50.4010 37.3357 0 0
692 53.9066 1.9322 0 0
693 56.4066 1.9322 0 0
694 55.3132 3.8643 0 0
695 58.9066 1.9322 0 0
696 56.7198 5.7965 0 0
697 1.9312 56.4070 0 0
698 1.9312 58.9070 0 0
699 1.9312 53.9070 0 0
700 3.8624 55.3141 0 0
701 5.7936 56.7211 0 0
702 27.0517 28.7031 0 0
703 26.3301 26.3513 0 0
704 28.7228 27.0927 0 0
705 23.9373 25.6100 0 0
706 25.6085 23.9995 0 0
707 22.2662 27.2204 0 0
708 21.5446 24.8686 0 0
709 24.8868 21.6477 0 0
710 27.2796 22.3891 0 0
711 67.0851 14.7628 0 0
712 64.5360 15.9708 0 0
713 69.6342 13.5548 0 0
714 69.1277 15.8265 0 0
715 68.6211 18.0982 0 0
716 15.9786 64.5118 0 0
717 14.7706 67.0609 0 0
718 15.8420 69.0792 0 0
719 13.5625 69.6100 0 0
720 18.1215 68.5483 0 0
721 69.3679 4.2037 0 0
722 68.6955 1.6850 0 0
723 70.0404 6.7225 0 0
724 68.0634 5.8887 0 0
725 66.0864 5.0549 0 0
726 1.6849 68.6955 0 0
727 4.2037 69.3680 0 0
728 5.8886 68.0635 0 0
729 6.7224 70.0405 0 0
730 5.0547 66.0865 0 0
731 55.6874 28.3375 0 0
732 57.6997 28.7986 0 0
733 53.6750 27.8765 0 0
734 55.0751 26.1958 0 0
735 51.6627 27.4155 0 0
736 54.4628 24.0540 0 0
737 56.4751 24.5150 0 0
738 39.2802 14.5450 0 0
739 36.7360 15.7237 0 0
740 41.8245 13.3663 0 0
741 41.1152 15.4487 0 0
742 44.3688 12.1876 0 0
743 42.9502 16.3525 0 0
744 40.4059 17.5311 0 0
745 11.5024 32.5040 0 0
746 9.4392 32.5288 0 0
747 10.2482 30.0823 0 0
748 7.3759 32.5535 0 0
749 8.9940 27.6606 0 0
750 32.6524 11.3970 0 0
751 30.3791 10.0374 0 0
752 32.6772 9.3338 0 0
753 28.1058 8.6778 0 0
754 32.7019 7.2705 0 0
755 84.0256 1.5087 0 0
756 81.5256 1.5087 0 0
757 86.5256 1.5087 0 0
758 85.5511 3.0174 0 0
759 89.0256 1.5087 0 0
760 87.0767 4.5262 0 0
761 84.5767 4.5262 0 0
762 1.5087 86.5256 0 0
763 1.5087 89.0256 0 0
764 1.5087 84.0256 0 0
765 3.0174 85.5511 0 0
766 1.5087 81.5256 0 0
767 4.5262 84.5767 0 0
768 4.5262 87.0767 0 0
769 32.2929 28.8498 0 0
770 34.2368 30.2884 0 0
771 37.0852 29.6937 0 0
772 36.1807 31.7271 0 0
773 37.9897 27.6604 0 0
774 39.9336 29.0990 0 0
775 38.1246 33.1657 0 0
776 23.3649 50.9076 0 0
777 23.2239 52.8605 0 0
778 21.1363 51.0649 0 0
779 25.3115 54.6561 0 0
780 23.0828 54.8134 0 0
781 27.5401 54.4988 0 0
782 27.3991 56.4517 0 0
783 22.9418 56.7663 0 0
784 20.8542 54.9707 0 0
785 15.6780 36.6849 0 0
786 14.4935 39.2318 0 0
787 15.3516 41.0157 0 0
788 13.3090 41.7787 0 0
789 17.3942 40.2527 0 0
790 16.2097 42.7996 0 0
791 12.1245 44.3257 0 0
792 50.7997 21.5513 0 0
793 51.0874 23.5060 0 0
794 49.3997 23.2321 0 0
795 52.7751 23.7800 0 0
796 51.3750 25.4608 0 0
797 54.1751 22.0993 0 0
798 49.9750 27.1415 0 0
799 4.0925 30.0535 0 0
800 1.6417 31.2500 0 0
801 6.5432 28.8570 0 0
802 5.7342 31.3035 0 0
803 4.9251 33.7500 0 0
804 31.2500 1.6417 0 0
805 30.2019 3.9871 0 0
806 31.4519 5.6288 0 0
807 29.1539 6.3324 0 0
808 33.7500 4.9251 0 0
809 33.7284 44.6870 0 0
810 31.5846 43.7240 0 0
811 30.1726 44.9068 0 0
812 29.4407 42.7610 0 0
813 30.9045 47.0527 0 0
814 28.7606 46.0896 0 0
815 27.2968 41.7979 0 0
816 22.5992 46.7470 0 0
817 24.6530 46.5279 0 0
818 23.3312 48.8929 0 0
819 25.9749 44.1629 0 0
820 26.7068 46.3088 0 0
821 25.2430 42.0170 0 0
822 27.4388 48.4546 0 0
823 42.2018 32.9211 0 0
824 44.2404 32.7989 0 0
825 40.1632 33.0434 0 0
826 41.0677 31.0101 0 0
827 41.9722 28.9768 0 0
828 25.4187 50.6885 0 0
829 27.4726 50.4693 0 0
830 27.5063 52.4841 0 0
831 29.5264 50.2502 0 0
832 29.5939 54.2797 0 0
833 29.4124 67.7457 0 0
834 27.7457 69.4124 0 0
835 27.1581 67.1581 0 0
836 26.0791 71.0791 0 0
837 24.9038 66.5705 0 0
838 69.5336 27.7068 0 0
839 71.2003 26.0401 0 0
840 67.8670 29.3735 0 0
841 67.4006 27.0802 0 0
842 66.9343 24.7870 0 0
843 45.4624 31.3954 0 0
844 44.3283 29.4844 0 0
845 46.6845 29.9920 0 0
846 43.1942 27.5733 0 0
847 47.9065 28.5886 0 0
848 47.3312 24.6792 0 0
849 47.0435 22.7244 0 0
850 47.6188 26.6339 0 0
851 45.2627 26.1262 0 0
852 42.9066 25.6186 0 0
853 19.9091 19.9677 0 0
854 22.3980 20.8077 0 0
855 20.7269 22.4182 0 0
856 49.3508 47.5121 0 0
857 51.0175 45.8454 0 0
858 47.6841 49.1787 0 0
859 47.0349 46.6908 0 0
860 46.0175 50.8454 0 0
861 44.7191 45.8696 0 0
862 46.3857 44.2029 0 0
863 16.8501 14.4001 0 0
864 19.1513 12.5762 0 0
865 19.3988 10.2990 0 0
866 21.4526 10.7522 0 0
867 17.3450 9.8458 0 0
868 19.6463 8.0219 0 0
869 23.7539 8.9282 0 0
870 12.6442 19.0403 0 0
871 14.3441 16.9061 0 0
872 10.9443 21.1745 0 0
873 10.3857 19.2691 0 0
874 9.2445 23.3087 0 0
875 8.1273 19.4979 0 0
876 9.8271 17.3637 0 0
877 11.8981 1.8922 0 0
878 11.9098 4.4038 0 0
879 10.0117 2.5117 0 0
880 13.8079 6.2960 0 0
881 11.9215 6.9155 0 0
882 15.6944 5.6765 0 0
883 15.7061 8.1882 0 0
884 11.9331 9.4272 0 0
885 10.0350 7.5350 0 0
886 2.5117 10.0117 0 0
887 4.4038 11.9098 0 0
888 1.8922 11.8981 0 0
889 6.9155 11.9215 0 0
890 6.2960 13.8079 0 0
891 7.5350 10.0350 0 0
892 9.4272 11.9331 0 0
893 8.1882 15.7061 0 0
894 5.6765 15.6944 0 0
895 14.3981 1.8922 0 0
896 16.8981 1.8922 0 0
897 16.2963 3.7843 0 0
898 19.3981 1.8922 0 0
899 18.1944 5.6765 0 0
900 1.8922 16.8981 0 0
901 1.8922 19.3981 0 0
902 1.8922 14.3981 0 0
903 3.7843 16.2963 0 0
904 5.6765 18.1944 0 0
905 11.0697 61.3493 0 0
906 9.0278 61.9214 0 0
907 9.2741 59.6329 0 0
908 6.9859 62.4935 0 0
909 7.4785 57.9166 0 0
910 61.3488 11.0707 0 0
911 59.6320 9.2761 0 0
912 61.9209 9.0289 0 0
913 57.9152 7.4814 0 0
914 62.4930 6.9870 0 0
915 20.8501 4.2375 0 0
916 22.3020 6.5829 0 0
917 20.2482 6.1297 0 0
918 4.3429 20.7016 0 0
919 6.2351 20.0998 0 0
920 6.7937 22.0052 0 0
921 44.4538 52.7926 0 0
922 43.8046 50.3047 0 0
923 41.5917 49.7639 0 0
924 43.1554 47.8167 0 0
925 40.0280 51.7111 0 0
926 39.3788 49.2231 0 0
927 42.5062 45.3288 0 0
928 31.6408 52.9986 0 0
929 31.6070 50.9839 0 0
930 33.6876 51.7176 0 0
931 31.5732 48.9692 0 0
932 35.7345 50.4366 0 0
933 3.6161 60.1025 0 0
934 1.6849 61.1955 0 0
935 5.5473 59.0095 0 0
936 5.3010 61.2980 0 0
937 5.0547 63.5865 0 0
938 61.1955 1.6850 0 0
939 60.1020 3.6171 0 0
940 61.2975 5.3021 0 0
941 59.0086 5.5493 0 0
942 63.5864 5.0549 0 0
943 9.8421 88.1922 0 0
944 11.5087 86.5256 0 0
945 8.1754 89.8589 0 0
946 8.0174 88.0511 0 0
947 6.5087 91.5256 0 0
948 6.1928 87.9100 0 0
949 7.8595 86.2433 0 0
950 89.8589 8.1754 0 0
951 91.5256 6.5087 0 0
952 88.1922 9.8421 0 0
953 88.0511 8.0174 0 0
954 86.5256 11.5087 0 0
955 86.2433 7.8595 0 0
956 87.9100 6.1928 0 0
957 75.9992 21.4571 0 0
958 74.3326 23.1238 0 0
959 73.6651 21.2476 0 0
960 72.6659 24.7905 0 0
961 71.3310 21.0381 0 0
962 23.1316 74.3083 0 0
963 24.7983 72.6416 0 0
964 21.4649 75.9750 0 0
965 21.2632 73.6166 0 0
966 21.0614 71.2583 0 0
967 46.7238 37.7531 0 0
968 48.3993 38.6283 0 0
969 46.3977 39.9210 0 0
970 50.0748 39.5036 0 0
971 46.0715 42.0890 0 0
972 38.0414 45.3901 0 0
973 35.8091 45.4207 0 0
974 40.2738 45.3595 0 0
975 38.7101 47.3066 0 0
976 37.1464 49.2538 0 0
977 30.5681 27.5952 0 0
978 33.4165 27.0006 0 0
979 34.5401 25.1514 0 0
980 36.2649 26.4059 0 0
981 32.8153 23.8969 0 0
982 35.6638 23.3022 0 0
983 39.1133 25.8112 0 0
984 45.3257 22.0138 0 0
985 47.3942 20.5667 0 0
986 43.2573 23.4609 0 0
987 43.6080 21.3032 0 0
988 41.1888 24.9080 0 0
989 41.8902 20.5926 0 0
990 43.9587 19.1455 0 0
991 27.0468 32.9092 0 0
992 27.7667 30.3573 0 0
993 26.3269 35.4612 0 0
994 25.3691 33.8221 0 0
995 25.6070 38.0131 0 0
996 23.6913 34.7350 0 0
997 24.4112 32.1831 0 0
998 15.8405 81.8685 0 0
999 14.1738 83.5352 0 0
1000 13.3476 82.0703 0 0
1001 12.5071 85.2018 0 0
1002 10.8548 82.2722 0 0
1003 83.5352 14.1738 0 0
1004 85.2018 12.5071 0 0
1005 81.8685 15.8405 0 0
1006 82.0703 13.3476 0 0
1007 82.2722 10.8548 0 0
1008 16.7983 34.4498 0 0
1009 17.6564 36.2336 0 0
1010 19.6348 35.7824 0 0
1011 18.5145 38.0175 0 0
1012 20.7551 33.5473 0 0
1013 21.6132 35.3312 0 0
1014 19.3726 39.8014 0 0
1015 20.5211 47.3431 0 0
1016 21.8429 44.9782 0 0
1017 21.0867 43.2093 0 0
1018 23.1648 42.6132 0 0
1019 19.0085 43.8054 0 0
1020 20.3304 41.4404 0 0
1021 24.4867 40.2482 0 0
1022 42.7871 54.4592 0 0
1023 41.1204 56.1259 0 0
1024 40.5742 53.9185 0 0
1025 4.0159 81.7274 0 0
1026 6.5230 81.9292 0 0
1027 5.5246 83.2529 0 0
1028 9.0302 82.1311 0 0
1029 7.0333 84.7785 0 0
1030 81.7274 4.0159 0 0
1031 83.2529 5.5246 0 0
1032 81.9292 6.5230 0 0
1033 84.7785 7.0333 0 0
1034 82.1311 9.0302 0 0
1035 26.0712 58.4572 0 0
1036 24.7433 60.4626 0 0
1037 23.8425 58.6145 0 0
1038 23.4154 62.4681 0 0
1039 21.6139 58.7718 0 0
1040 59.3220 27.1036 0 0
1041 58.7097 24.9618 0 0
1042 60.9443 25.4086 0 0
1043 58.0974 22.8200 0 0
1044 62.5666 23.7137 0 0
1045 50.7032 43.7315 0 0
1046 53.0191 44.5527 0 0
1047 48.3874 42.9102 0 0
1048 50.3890 41.6175 0 0
1049 52.3907 40.3248 0 0
1050 23.5289 38.6092 0 0
1051 21.4507 39.2053 0 0
1052 22.5710 36.9702 0 0
1053 12.7051 15.2484 0 0
1054 14.9636 15.0196 0 0
1055 10.4466 15.4773 0 0
1056 11.0661 13.5908 0 0
1057 11.6856 11.7043 0 0
1058 15.2111 12.7425 0 0
1059 13.5721 11.0848 0 0
1060 15.4586 10.4653 0 0
1061 46.6052 11.2164 0 0
1062 45.8959 13.2989 0 0
1063 47.4230 14.4101 0 0
1064 45.1866 15.3813 0 0
1065 49.6594 13.4389 0 0
1066 48.9501 15.5213 0 0
1067 44.4773 17.4637 0 0
1068 24.2106 70.3874 0 0
1069 22.3422 69.6957 0 0
1070 23.6230 68.1331 0 0
1071 20.4738 69.0040 0 0
1072 23.0354 65.8788 0 0
1073 70.5329 24.1639 0 0
1074 68.3998 23.5374 0 0
1075 69.8654 22.2877 0 0
1076 66.2668 22.9108 0 0
1077 69.1980 20.4115 0 0
1078 25.3740 29.6160 0 0
1079 23.6962 30.5289 0 0
1080 22.9812 28.8747 0 0
1081 22.0185 31.4418 0 0
1082 20.5885 28.1333 0 0
1083 47.9128 18.8849 0 0
1084 49.6306 19.5955 0 0
1085 46.1950 18.1743 0 0
1086 48.4314 17.2031 0 0
1087 50.6678 16.2319 0 0
1088 4.8421 90.6922 0 0
1089 3.1754 89.8589 0 0
1090 4.6841 88.8844 0 0
1091 89.8589 3.1754 0 0
1092 90.6922 4.8421 0 0
1093 88.8844 4.6841 0 0
1094 34.3971 46.6035 0 0
1095 35.0658 48.5201 0 0
1096 32.9852 47.7864 0 0
1097 17.2594 62.9492 0 0
1098 18.3309 64.9675 0 0
1099 20.6831 65.4231 0 0
1100 19.4023 66.9857 0 0
1101 21.9640 63.8605 0 0
1102 65.1130 18.2842 0 0
1103 63.0704 17.2205 0 0
1104 67.1555 19.3478 0 0
1105 65.6899 20.5975 0 0
1106 64.2243 21.8472 0 0
1107 1.6849 66.1955 0 0
1108 1.6849 63.6955 0 0
1109 3.3698 64.8910 0 0
1110 63.6955 1.6850 0 0
1111 66.1955 1.6850 0 0
1112 64.8909 3.3699 0 0
1113 1.6417 36.2500 0 0
1114 1.6417 33.7500 0 0
1115 3.2834 35.0000 0 0
1116 33.7500 1.6417 0 0
1117 36.2500 1.6417 0 0
1118 35.0000 3.2834 0 0
1119 29.8465 25.2435 0 0
1120 29.1248 22.8917 0 0
1121 30.9701 23.3943 0 0
1122 28.4032 20.5399 0 0
1123 32.0937 21.5451 0 0
1124 18.7109 61.5567 0 0
1125 20.1624 60.1643 0 0
1126 21.0632 62.0124 0 0
1127 61.4128 19.0870 0 0
1128 61.9897 21.4003 0 0
1129 59.7551 20.9535 0 0
1130 56.3524 41.2194 0 0
1131 54.6858 42.8861 0 0
1132 54.3716 40.7721 0 0
1133 13.2416 45.8501 0 0
1134 11.1990 46.6131 0 0
1135 15.2841 45.0871 0 0
1136 14.3586 47.3745 0 0
1137 17.3267 44.3240 0 0
1138 15.4756 48.8990 0 0
1139 13.4330 49.6620 0 0
1140 10.6097 49.2480 0 0
1141 11.7267 50.7724 0 0
1142 10.0204 51.8828 0 0
1143 49.2423 10.6223 0 0
1144 51.8793 10.0281 0 0
1145 50.7693 11.7335 0 0
1146 19.5955 49.6306 0 0
1147 18.8393 47.8617 0 0
1148 17.1574 48.3804 0 0
1149 18.0830 46.0929 0 0
1150 16.2319 50.6678 0 0
1151 18.0617 32.3443 0 0
1152 19.3251 30.2388 0 0
1153 20.0401 31.8930 0 0
1154 34.6605 16.6269 0 0
1155 32.5747 17.9312 0 0
1156 32.3342 19.7381 0 0
1157 30.4890 19.2355 0 0
1158 34.1795 20.2407 0 0
1159 8.7733 3.7733 0 0
1160 8.7616 1.2616 0 0
1161 8.7849 6.2849 0 0
1162 7.5349 5.0349 0 0
1163 8.7966 8.7966 0 0
1164 6.2965 6.2965 0 0
1165 6.2848 3.7848 0 0
1166 1.2616 8.7616 0 0
1167 3.7733 8.7733 0 0
1168 5.0349 7.5349 0 0
1169 6.2849 8.7849 0 0
1170 3.7848 6.2848 0 0
1171 1.2616 1.2616 0 0
1172 1.2616 3.7616 0 0
1173 2.5232 5.0232 0 0
1174 1.2616 6.2616 0 0
1175 3.7848 3.7848 0 0
1176 3.7616 1.2616 0 0
1177 6.2616 1.2616 0 0
1178 5.0232 2.5232 0 0
1179 39.4640 23.6535 0 0
1180 37.7392 22.3990 0 0
1181 39.8147 21.4958 0 0
1182 36.0145 21.1445 0 0
1183 40.1654 19.3381 0 0
1184 36.4955 17.5306 0 0
1185 38.3304 18.4343 0 0
1186 36.2550 19.3375 0 0
1187 19.4545 51.5835 0 0
1188 19.3134 53.5364 0 0
1189 17.7727 52.1021 0 0
1190 51.3183 19.8695 0 0
1191 51.8369 18.1877 0 0
1192 53.0060 20.1435 0 0
1193 10.6825 85.0607 0 0
1194 8.8579 84.9196 0 0
1195 9.8563 83.5959 0 0
1196 85.0607 10.6825 0 0
1197 83.5959 9.8563 0 0
1198 84.9196 8.8579 0 0
